[[{"time":1},{"header":1432778632,"droneState":{"flying":1,"videoEnabled":0,"visionEnabled":1,"controlAlgorithm":0,"altitudeControlAlgorithm":1,"startButtonState":1,"controlCommandAck":0,"cameraReady":1,"travellingEnabled":0,"usbReady":0,"navdataDemo":1,"navdataBootstrap":0,"motorProblem":0,"communicationLost":0,"softwareFault":0,"lowBattery":0,"userEmergencyLanding":0,"timerElapsed":0,"MagnometerNeedsCalibration":0,"anglesOutOfRange":0,"tooMuchWind":0,"ultrasonicSensorDeaf":0,"cutoutDetected":0,"picVersionNumberOk":1,"atCodecThreadOn":1,"navdataThreadOn":1,"videoThreadOn":1,"acquisitionThreadOn":1,"controlWatchdogDelay":0,"adcWatchdogDelay":0,"comWatchdogProblem":0,"emergencyLanding":0},"sequenceNumber":4154,"visionFlag":1,"demo":{"controlState":"CTRL_TRANS_GOTOFIX","flyState":"FLYING_OK","batteryPercentage":66,"rotation":{"frontBack":-1.017,"pitch":-1.017,"theta":-1.017,"y":-1.017,"leftRight":2.714,"roll":2.714,"phi":2.714,"x":2.714,"clockwise":120.334,"yaw":120.334,"psi":120.334,"z":120.334},"frontBackDegrees":-1.017,"leftRightDegrees":2.714,"clockwiseDegrees":120.334,"altitude":0,"altitudeMeters":0,"velocity":{"x":7.980534076690674,"y":23.26047706604004,"z":0},"xVelocity":7.980534076690674,"yVelocity":23.26047706604004,"zVelocity":0,"frameIndex":0,"detection":{"camera":{"rotation":{"m11":0,"m12":0,"m13":0,"m21":0,"m22":0,"m23":0,"m31":0,"m32":0,"m33":0},"translation":{"x":0,"y":0,"z":0},"type":3},"tagIndex":0},"drone":{"camera":{"rotation":{"m11":0.9740903973579407,"m12":0.22442452609539032,"m13":-0.027956537902355194,"m21":-0.22546108067035675,"m22":0.973340630531311,"m23":-0.0421350859105587,"m31":0.017755087465047836,"m32":0.04734649136662483,"m33":0.9987207055091858},"translation":{"x":-33.15099334716797,"y":-7.0541229248046875,"z":0}}}},"visionDetect":{"nbDetected":0,"type":[0,0,0,0],"xc":[0,0,0,0],"yc":[0,0,0,0],"width":[0,0,0,0],"height":[0,0,0,0],"dist":[0,0,0,0],"orientationAngle":[0,0,0,0],"rotation":[{"m11":0,"m12":0,"m13":0,"m21":0,"m22":0,"m23":0,"m31":0,"m32":0,"m33":0},{"m11":0,"m12":0,"m13":0,"m21":0,"m22":0,"m23":0,"m31":0,"m32":0,"m33":0},{"m11":0,"m12":0,"m13":0,"m21":0,"m22":0,"m23":0,"m31":0,"m32":0,"m33":0},{"m11":0,"m12":0,"m13":0,"m21":0,"m22":0,"m23":0,"m31":0,"m32":0,"m33":0}],"translation":[{"x":0,"y":0,"z":0},{"x":0,"y":0,"z":0},{"x":0,"y":0,"z":0},{"x":0,"y":0,"z":0}],"cameraSource":[0,0,0,0]}}],[{"time":2},{"header":1432778632,"droneState":{"flying":1,"videoEnabled":0,"visionEnabled":1,"controlAlgorithm":0,"altitudeControlAlgorithm":1,"startButtonState":1,"controlCommandAck":0,"cameraReady":1,"travellingEnabled":0,"usbReady":0,"navdataDemo":1,"navdataBootstrap":0,"motorProblem":0,"communicationLost":0,"softwareFault":0,"lowBattery":0,"userEmergencyLanding":0,"timerElapsed":0,"MagnometerNeedsCalibration":0,"anglesOutOfRange":0,"tooMuchWind":0,"ultrasonicSensorDeaf":0,"cutoutDetected":0,"picVersionNumberOk":1,"atCodecThreadOn":1,"navdataThreadOn":1,"videoThreadOn":1,"acquisitionThreadOn":1,"controlWatchdogDelay":0,"adcWatchdogDelay":0,"comWatchdogProblem":0,"emergencyLanding":0},"sequenceNumber":4169,"visionFlag":1,"demo":{"controlState":"CTRL_TRANS_GOTOFIX","flyState":"FLYING_OK","batteryPercentage":66,"rotation":{"frontBack":-0.676,"pitch":-0.676,"theta":-0.676,"y":-0.676,"leftRight":1.249,"roll":1.249,"phi":1.249,"x":1.249,"clockwise":119.891,"yaw":119.891,"psi":119.891,"z":119.891},"frontBackDegrees":-0.676,"leftRightDegrees":1.249,"clockwiseDegrees":119.891,"altitude":0,"altitudeMeters":0,"velocity":{"x":5.877723693847656,"y":13.669856071472168,"z":0},"xVelocity":5.877723693847656,"yVelocity":13.669856071472168,"zVelocity":0,"frameIndex":0,"detection":{"camera":{"rotation":{"m11":0,"m12":0,"m13":0,"m21":0,"m22":0,"m23":0,"m31":0,"m32":0,"m33":0},"translation":{"x":0,"y":0,"z":0},"type":3},"tagIndex":0},"drone":{"camera":{"rotation":{"m11":0.9724055528640747,"m12":0.23270854353904724,"m13":-0.016559667885303497,"m21":-0.2329981029033661,"m22":0.9723020195960999,"m23":-0.018458273261785507,"m31":0.011805599555373192,"m32":0.021807298064231873,"m33":0.9996924996376038},"translation":{"x":-52.155906677246094,"y":-9.967681884765625,"z":0}}}},"visionDetect":{"nbDetected":0,"type":[0,0,0,0],"xc":[0,0,0,0],"yc":[0,0,0,0],"width":[0,0,0,0],"height":[0,0,0,0],"dist":[0,0,0,0],"orientationAngle":[0,0,0,0],"rotation":[{"m11":0,"m12":0,"m13":0,"m21":0,"m22":0,"m23":0,"m31":0,"m32":0,"m33":0},{"m11":0,"m12":0,"m13":0,"m21":0,"m22":0,"m23":0,"m31":0,"m32":0,"m33":0},{"m11":0,"m12":0,"m13":0,"m21":0,"m22":0,"m23":0,"m31":0,"m32":0,"m33":0},{"m11":0,"m12":0,"m13":0,"m21":0,"m22":0,"m23":0,"m31":0,"m32":0,"m33":0}],"translation":[{"x":0,"y":0,"z":0},{"x":0,"y":0,"z":0},{"x":0,"y":0,"z":0},{"x":0,"y":0,"z":0}],"cameraSource":[0,0,0,0]}}],[{"time":3},{"header":1432778632,"droneState":{"flying":1,"videoEnabled":0,"visionEnabled":1,"controlAlgorithm":0,"altitudeControlAlgorithm":1,"startButtonState":1,"controlCommandAck":0,"cameraReady":1,"travellingEnabled":0,"usbReady":0,"navdataDemo":1,"navdataBootstrap":0,"motorProblem":0,"communicationLost":0,"softwareFault":0,"lowBattery":0,"userEmergencyLanding":0,"timerElapsed":0,"MagnometerNeedsCalibration":0,"anglesOutOfRange":0,"tooMuchWind":0,"ultrasonicSensorDeaf":0,"cutoutDetected":0,"picVersionNumberOk":1,"atCodecThreadOn":1,"navdataThreadOn":1,"videoThreadOn":1,"acquisitionThreadOn":1,"controlWatchdogDelay":0,"adcWatchdogDelay":0,"comWatchdogProblem":0,"emergencyLanding":0},"sequenceNumber":4184,"visionFlag":1,"demo":{"controlState":"CTRL_TRANS_GOTOFIX","flyState":"FLYING_LOST_ALT","batteryPercentage":66,"rotation":{"frontBack":-2.157,"pitch":-2.157,"theta":-2.157,"y":-2.157,"leftRight":0.594,"roll":0.594,"phi":0.594,"x":0.594,"clockwise":130.301,"yaw":130.301,"psi":130.301,"z":130.301},"frontBackDegrees":-2.157,"leftRightDegrees":0.594,"clockwiseDegrees":130.301,"altitude":0.27,"altitudeMeters":0.27,"velocity":{"x":186.8177032470703,"y":-97.44923400878906,"z":0},"xVelocity":186.8177032470703,"yVelocity":-97.44923400878906,"zVelocity":0,"frameIndex":0,"detection":{"camera":{"rotation":{"m11":0,"m12":0,"m13":0,"m21":0,"m22":0,"m23":0,"m31":0,"m32":0,"m33":0},"translation":{"x":0,"y":0,"z":0},"type":3},"tagIndex":0},"drone":{"camera":{"rotation":{"m11":0.9605349898338318,"m12":0.275404691696167,"m13":-0.03904927521944046,"m21":-0.2755991816520691,"m22":0.9612725377082825,"m23":0.00041752634570002556,"m31":0.03765198588371277,"m32":0.010360898450016975,"m33":0.9992371797561646},"translation":{"x":-57.217655181884766,"y":4.751071929931641,"z":-269}}}},"visionDetect":{"nbDetected":0,"type":[0,0,0,0],"xc":[0,0,0,0],"yc":[0,0,0,0],"width":[0,0,0,0],"height":[0,0,0,0],"dist":[0,0,0,0],"orientationAngle":[0,0,0,0],"rotation":[{"m11":0,"m12":0,"m13":0,"m21":0,"m22":0,"m23":0,"m31":0,"m32":0,"m33":0},{"m11":0,"m12":0,"m13":0,"m21":0,"m22":0,"m23":0,"m31":0,"m32":0,"m33":0},{"m11":0,"m12":0,"m13":0,"m21":0,"m22":0,"m23":0,"m31":0,"m32":0,"m33":0},{"m11":0,"m12":0,"m13":0,"m21":0,"m22":0,"m23":0,"m31":0,"m32":0,"m33":0}],"translation":[{"x":0,"y":0,"z":0},{"x":0,"y":0,"z":0},{"x":0,"y":0,"z":0},{"x":0,"y":0,"z":0}],"cameraSource":[0,0,0,0]}}],[{"time":4},{"header":1432778632,"droneState":{"flying":1,"videoEnabled":0,"visionEnabled":1,"controlAlgorithm":0,"altitudeControlAlgorithm":1,"startButtonState":1,"controlCommandAck":0,"cameraReady":1,"travellingEnabled":0,"usbReady":0,"navdataDemo":1,"navdataBootstrap":0,"motorProblem":0,"communicationLost":0,"softwareFault":0,"lowBattery":0,"userEmergencyLanding":0,"timerElapsed":0,"MagnometerNeedsCalibration":0,"anglesOutOfRange":0,"tooMuchWind":0,"ultrasonicSensorDeaf":0,"cutoutDetected":0,"picVersionNumberOk":1,"atCodecThreadOn":1,"navdataThreadOn":1,"videoThreadOn":1,"acquisitionThreadOn":1,"controlWatchdogDelay":0,"adcWatchdogDelay":0,"comWatchdogProblem":0,"emergencyLanding":0},"sequenceNumber":4200,"visionFlag":1,"demo":{"controlState":"CTRL_TRANS_GOTOFIX","flyState":"FLYING_LOST_ALT","batteryPercentage":66,"rotation":{"frontBack":7.631,"pitch":7.631,"theta":7.631,"y":7.631,"leftRight":6.035,"roll":6.035,"phi":6.035,"x":6.035,"clockwise":132.467,"yaw":132.467,"psi":132.467,"z":132.467},"frontBackDegrees":7.631,"leftRightDegrees":6.035,"clockwiseDegrees":132.467,"altitude":0.819,"altitudeMeters":0.819,"velocity":{"x":196.28024291992188,"y":-141.10296630859375,"z":0},"xVelocity":196.28024291992188,"yVelocity":-141.10296630859375,"zVelocity":0,"frameIndex":0,"detection":{"camera":{"rotation":{"m11":0,"m12":0,"m13":0,"m21":0,"m22":0,"m23":0,"m31":0,"m32":0,"m33":0},"translation":{"x":0,"y":0,"z":0},"type":3},"tagIndex":0},"drone":{"camera":{"rotation":{"m11":0.9622989296913147,"m12":0.25172218680381775,"m13":0.10303741693496704,"m21":-0.23737254738807678,"m22":0.96217280626297,"m23":-0.13370771706104279,"m31":-0.1327970027923584,"m32":0.10420854389667511,"m33":0.985649824142456},"translation":{"x":-144.8092041015625,"y":642.36669921875,"z":-1193}}}},"visionDetect":{"nbDetected":0,"type":[0,0,0,0],"xc":[0,0,0,0],"yc":[0,0,0,0],"width":[0,0,0,0],"height":[0,0,0,0],"dist":[0,0,0,0],"orientationAngle":[0,0,0,0],"rotation":[{"m11":0,"m12":0,"m13":0,"m21":0,"m22":0,"m23":0,"m31":0,"m32":0,"m33":0},{"m11":0,"m12":0,"m13":0,"m21":0,"m22":0,"m23":0,"m31":0,"m32":0,"m33":0},{"m11":0,"m12":0,"m13":0,"m21":0,"m22":0,"m23":0,"m31":0,"m32":0,"m33":0},{"m11":0,"m12":0,"m13":0,"m21":0,"m22":0,"m23":0,"m31":0,"m32":0,"m33":0}],"translation":[{"x":0,"y":0,"z":0},{"x":0,"y":0,"z":0},{"x":0,"y":0,"z":0},{"x":0,"y":0,"z":0}],"cameraSource":[0,0,0,0]}}],[{"time":5},{"header":1432778632,"droneState":{"flying":1,"videoEnabled":0,"visionEnabled":1,"controlAlgorithm":0,"altitudeControlAlgorithm":1,"startButtonState":1,"controlCommandAck":0,"cameraReady":1,"travellingEnabled":0,"usbReady":0,"navdataDemo":1,"navdataBootstrap":0,"motorProblem":0,"communicationLost":0,"softwareFault":0,"lowBattery":0,"userEmergencyLanding":0,"timerElapsed":0,"MagnometerNeedsCalibration":0,"anglesOutOfRange":0,"tooMuchWind":0,"ultrasonicSensorDeaf":0,"cutoutDetected":0,"picVersionNumberOk":1,"atCodecThreadOn":1,"navdataThreadOn":1,"videoThreadOn":1,"acquisitionThreadOn":1,"controlWatchdogDelay":0,"adcWatchdogDelay":0,"comWatchdogProblem":0,"emergencyLanding":0},"sequenceNumber":4215,"visionFlag":1,"demo":{"controlState":"CTRL_TRANS_GOTOFIX","flyState":"FLYING_LOST_ALT","batteryPercentage":66,"rotation":{"frontBack":2.135,"pitch":2.135,"theta":2.135,"y":2.135,"leftRight":-0.073,"roll":-0.073,"phi":-0.073,"x":-0.073,"clockwise":130.143,"yaw":130.143,"psi":130.143,"z":130.143},"frontBackDegrees":2.135,"leftRightDegrees":-0.073,"clockwiseDegrees":130.143,"altitude":0.735,"altitudeMeters":0.735,"velocity":{"x":74.12799072265625,"y":91.78504943847656,"z":0},"xVelocity":74.12799072265625,"yVelocity":91.78504943847656,"zVelocity":0,"frameIndex":0,"detection":{"camera":{"rotation":{"m11":0,"m12":0,"m13":0,"m21":0,"m22":0,"m23":0,"m31":0,"m32":0,"m33":0},"translation":{"x":0,"y":0,"z":0},"type":3},"tagIndex":0},"drone":{"camera":{"rotation":{"m11":0.9592628479003906,"m12":0.28019511699676514,"m13":0.03613173961639404,"m21":-0.28004682064056396,"m22":0.9599422216415405,"m23":-0.009204873815178871,"m31":-0.03726354241371155,"m32":-0.0012886850163340569,"m33":0.9993046522140503},"translation":{"x":-229.45274353027344,"y":666.505126953125,"z":-1099}}}},"visionDetect":{"nbDetected":0,"type":[0,0,0,0],"xc":[0,0,0,0],"yc":[0,0,0,0],"width":[0,0,0,0],"height":[0,0,0,0],"dist":[0,0,0,0],"orientationAngle":[0,0,0,0],"rotation":[{"m11":0,"m12":0,"m13":0,"m21":0,"m22":0,"m23":0,"m31":0,"m32":0,"m33":0},{"m11":0,"m12":0,"m13":0,"m21":0,"m22":0,"m23":0,"m31":0,"m32":0,"m33":0},{"m11":0,"m12":0,"m13":0,"m21":0,"m22":0,"m23":0,"m31":0,"m32":0,"m33":0},{"m11":0,"m12":0,"m13":0,"m21":0,"m22":0,"m23":0,"m31":0,"m32":0,"m33":0}],"translation":[{"x":0,"y":0,"z":0},{"x":0,"y":0,"z":0},{"x":0,"y":0,"z":0},{"x":0,"y":0,"z":0}],"cameraSource":[0,0,0,0]}}],[{"time":6},{"header":1432778632,"droneState":{"flying":1,"videoEnabled":0,"visionEnabled":1,"controlAlgorithm":0,"altitudeControlAlgorithm":1,"startButtonState":1,"controlCommandAck":0,"cameraReady":1,"travellingEnabled":0,"usbReady":0,"navdataDemo":1,"navdataBootstrap":0,"motorProblem":0,"communicationLost":0,"softwareFault":0,"lowBattery":0,"userEmergencyLanding":0,"timerElapsed":0,"MagnometerNeedsCalibration":0,"anglesOutOfRange":0,"tooMuchWind":0,"ultrasonicSensorDeaf":0,"cutoutDetected":0,"picVersionNumberOk":1,"atCodecThreadOn":1,"navdataThreadOn":1,"videoThreadOn":1,"acquisitionThreadOn":1,"controlWatchdogDelay":0,"adcWatchdogDelay":0,"comWatchdogProblem":0,"emergencyLanding":0},"sequenceNumber":4230,"visionFlag":1,"demo":{"controlState":"CTRL_HOVERING","flyState":"FLYING_OK","batteryPercentage":66,"rotation":{"frontBack":1.391,"pitch":1.391,"theta":1.391,"y":1.391,"leftRight":0.531,"roll":0.531,"phi":0.531,"x":0.531,"clockwise":131.542,"yaw":131.542,"psi":131.542,"z":131.542},"frontBackDegrees":1.391,"leftRightDegrees":0.531,"clockwiseDegrees":131.542,"altitude":0.783,"altitudeMeters":0.783,"velocity":{"x":-96.432373046875,"y":34.26665115356445,"z":0},"xVelocity":-96.432373046875,"yVelocity":34.26665115356445,"zVelocity":0,"frameIndex":0,"detection":{"camera":{"rotation":{"m11":0,"m12":0,"m13":0,"m21":0,"m22":0,"m23":0,"m31":0,"m32":0,"m33":0},"translation":{"x":0,"y":0,"z":0},"type":3},"tagIndex":0},"drone":{"camera":{"rotation":{"m11":0.9656065702438354,"m12":0.259153813123703,"m13":0.02105332352221012,"m21":-0.2588708698749542,"m22":0.9657915234565735,"m23":-0.015254304744303226,"m31":-0.024286331608891487,"m32":0.009279566816985607,"m33":0.9996619820594788},"translation":{"x":-262.20037841796875,"y":618.3497314453125,"z":-1114}}}},"visionDetect":{"nbDetected":0,"type":[0,0,0,0],"xc":[0,0,0,0],"yc":[0,0,0,0],"width":[0,0,0,0],"height":[0,0,0,0],"dist":[0,0,0,0],"orientationAngle":[0,0,0,0],"rotation":[{"m11":0,"m12":0,"m13":0,"m21":0,"m22":0,"m23":0,"m31":0,"m32":0,"m33":0},{"m11":0,"m12":0,"m13":0,"m21":0,"m22":0,"m23":0,"m31":0,"m32":0,"m33":0},{"m11":0,"m12":0,"m13":0,"m21":0,"m22":0,"m23":0,"m31":0,"m32":0,"m33":0},{"m11":0,"m12":0,"m13":0,"m21":0,"m22":0,"m23":0,"m31":0,"m32":0,"m33":0}],"translation":[{"x":0,"y":0,"z":0},{"x":0,"y":0,"z":0},{"x":0,"y":0,"z":0},{"x":0,"y":0,"z":0}],"cameraSource":[0,0,0,0]}}],[{"time":7},{"header":1432778632,"droneState":{"flying":1,"videoEnabled":0,"visionEnabled":1,"controlAlgorithm":0,"altitudeControlAlgorithm":1,"startButtonState":1,"controlCommandAck":0,"cameraReady":1,"travellingEnabled":0,"usbReady":0,"navdataDemo":1,"navdataBootstrap":0,"motorProblem":0,"communicationLost":0,"softwareFault":0,"lowBattery":0,"userEmergencyLanding":0,"timerElapsed":0,"MagnometerNeedsCalibration":0,"anglesOutOfRange":0,"tooMuchWind":0,"ultrasonicSensorDeaf":0,"cutoutDetected":0,"picVersionNumberOk":1,"atCodecThreadOn":1,"navdataThreadOn":1,"videoThreadOn":1,"acquisitionThreadOn":1,"controlWatchdogDelay":0,"adcWatchdogDelay":0,"comWatchdogProblem":0,"emergencyLanding":0},"sequenceNumber":4246,"visionFlag":1,"demo":{"controlState":"CTRL_HOVERING","flyState":"FLYING_OK","batteryPercentage":66,"rotation":{"frontBack":0.489,"pitch":0.489,"theta":0.489,"y":0.489,"leftRight":2.605,"roll":2.605,"phi":2.605,"x":2.605,"clockwise":131.564,"yaw":131.564,"psi":131.564,"z":131.564},"frontBackDegrees":0.489,"leftRightDegrees":2.605,"clockwiseDegrees":131.564,"altitude":0.708,"altitudeMeters":0.708,"velocity":{"x":-259.4080810546875,"y":101.3016128540039,"z":0},"xVelocity":-259.4080810546875,"yVelocity":101.3016128540039,"zVelocity":0,"frameIndex":0,"detection":{"camera":{"rotation":{"m11":0,"m12":0,"m13":0,"m21":0,"m22":0,"m23":0,"m31":0,"m32":0,"m33":0},"translation":{"x":0,"y":0,"z":0},"type":3},"tagIndex":0},"drone":{"camera":{"rotation":{"m11":0.9651985764503479,"m12":0.26149266958236694,"m13":-0.0036462503485381603,"m21":-0.26137858629226685,"m22":0.9641346335411072,"m23":-0.04610395058989525,"m31":-0.00854036957025528,"m32":0.04545251652598381,"m33":0.9989299774169922},"translation":{"x":-145.83547973632812,"y":486.2605285644531,"z":-1006}}}},"visionDetect":{"nbDetected":0,"type":[0,0,0,0],"xc":[0,0,0,0],"yc":[0,0,0,0],"width":[0,0,0,0],"height":[0,0,0,0],"dist":[0,0,0,0],"orientationAngle":[0,0,0,0],"rotation":[{"m11":0,"m12":0,"m13":0,"m21":0,"m22":0,"m23":0,"m31":0,"m32":0,"m33":0},{"m11":0,"m12":0,"m13":0,"m21":0,"m22":0,"m23":0,"m31":0,"m32":0,"m33":0},{"m11":0,"m12":0,"m13":0,"m21":0,"m22":0,"m23":0,"m31":0,"m32":0,"m33":0},{"m11":0,"m12":0,"m13":0,"m21":0,"m22":0,"m23":0,"m31":0,"m32":0,"m33":0}],"translation":[{"x":0,"y":0,"z":0},{"x":0,"y":0,"z":0},{"x":0,"y":0,"z":0},{"x":0,"y":0,"z":0}],"cameraSource":[0,0,0,0]}}],[{"time":8},{"header":1432778632,"droneState":{"flying":1,"videoEnabled":0,"visionEnabled":1,"controlAlgorithm":0,"altitudeControlAlgorithm":1,"startButtonState":1,"controlCommandAck":0,"cameraReady":1,"travellingEnabled":0,"usbReady":0,"navdataDemo":1,"navdataBootstrap":0,"motorProblem":0,"communicationLost":0,"softwareFault":0,"lowBattery":0,"userEmergencyLanding":0,"timerElapsed":0,"MagnometerNeedsCalibration":0,"anglesOutOfRange":0,"tooMuchWind":0,"ultrasonicSensorDeaf":0,"cutoutDetected":0,"picVersionNumberOk":1,"atCodecThreadOn":1,"navdataThreadOn":1,"videoThreadOn":1,"acquisitionThreadOn":1,"controlWatchdogDelay":0,"adcWatchdogDelay":0,"comWatchdogProblem":0,"emergencyLanding":0},"sequenceNumber":4261,"visionFlag":1,"demo":{"controlState":"CTRL_HOVERING","flyState":"FLYING_OK","batteryPercentage":66,"rotation":{"frontBack":-2.17,"pitch":-2.17,"theta":-2.17,"y":-2.17,"leftRight":-0.09,"roll":-0.09,"phi":-0.09,"x":-0.09,"clockwise":132.311,"yaw":132.311,"psi":132.311,"z":132.311},"frontBackDegrees":-2.17,"leftRightDegrees":-0.09,"clockwiseDegrees":132.311,"altitude":0.757,"altitudeMeters":0.757,"velocity":{"x":-65.65179443359375,"y":47.48979187011719,"z":0},"xVelocity":-65.65179443359375,"yVelocity":47.48979187011719,"zVelocity":0,"frameIndex":0,"detection":{"camera":{"rotation":{"m11":0,"m12":0,"m13":0,"m21":0,"m22":0,"m23":0,"m31":0,"m32":0,"m33":0},"translation":{"x":0,"y":0,"z":0},"type":3},"tagIndex":0},"drone":{"camera":{"rotation":{"m11":0.967116117477417,"m12":0.25173723697662354,"m13":-0.03626052290201187,"m21":-0.251498818397522,"m22":0.9677943587303162,"m23":0.011067080311477184,"m31":0.037878721952438354,"m32":-0.0015836721286177635,"m33":0.999281108379364},"translation":{"x":-81.9508056640625,"y":270.8497009277344,"z":-1067}}}},"visionDetect":{"nbDetected":0,"type":[0,0,0,0],"xc":[0,0,0,0],"yc":[0,0,0,0],"width":[0,0,0,0],"height":[0,0,0,0],"dist":[0,0,0,0],"orientationAngle":[0,0,0,0],"rotation":[{"m11":0,"m12":0,"m13":0,"m21":0,"m22":0,"m23":0,"m31":0,"m32":0,"m33":0},{"m11":0,"m12":0,"m13":0,"m21":0,"m22":0,"m23":0,"m31":0,"m32":0,"m33":0},{"m11":0,"m12":0,"m13":0,"m21":0,"m22":0,"m23":0,"m31":0,"m32":0,"m33":0},{"m11":0,"m12":0,"m13":0,"m21":0,"m22":0,"m23":0,"m31":0,"m32":0,"m33":0}],"translation":[{"x":0,"y":0,"z":0},{"x":0,"y":0,"z":0},{"x":0,"y":0,"z":0},{"x":0,"y":0,"z":0}],"cameraSource":[0,0,0,0]}}],[{"time":9},{"header":1432778632,"droneState":{"flying":1,"videoEnabled":0,"visionEnabled":1,"controlAlgorithm":0,"altitudeControlAlgorithm":1,"startButtonState":1,"controlCommandAck":0,"cameraReady":1,"travellingEnabled":0,"usbReady":0,"navdataDemo":1,"navdataBootstrap":0,"motorProblem":0,"communicationLost":0,"softwareFault":0,"lowBattery":0,"userEmergencyLanding":0,"timerElapsed":0,"MagnometerNeedsCalibration":0,"anglesOutOfRange":0,"tooMuchWind":0,"ultrasonicSensorDeaf":0,"cutoutDetected":0,"picVersionNumberOk":1,"atCodecThreadOn":1,"navdataThreadOn":1,"videoThreadOn":1,"acquisitionThreadOn":1,"controlWatchdogDelay":0,"adcWatchdogDelay":0,"comWatchdogProblem":0,"emergencyLanding":0},"sequenceNumber":4276,"visionFlag":1,"demo":{"controlState":"CTRL_HOVERING","flyState":"FLYING_OK","batteryPercentage":66,"rotation":{"frontBack":-1.446,"pitch":-1.446,"theta":-1.446,"y":-1.446,"leftRight":1.106,"roll":1.106,"phi":1.106,"x":1.106,"clockwise":132.792,"yaw":132.792,"psi":132.792,"z":132.792},"frontBackDegrees":-1.446,"leftRightDegrees":1.106,"clockwiseDegrees":132.792,"altitude":0.64,"altitudeMeters":0.64,"velocity":{"x":-69.43608856201172,"y":-93.0968017578125,"z":0},"xVelocity":-69.43608856201172,"yVelocity":-93.0968017578125,"zVelocity":0,"frameIndex":0,"detection":{"camera":{"rotation":{"m11":0,"m12":0,"m13":0,"m21":0,"m22":0,"m23":0,"m31":0,"m32":0,"m33":0},"translation":{"x":0,"y":0,"z":0},"type":3},"tagIndex":0},"drone":{"camera":{"rotation":{"m11":0.9688873291015625,"m12":0.24577221274375916,"m13":-0.029212020337581635,"m21":-0.2462122142314911,"m22":0.9691352248191833,"m23":-0.012508036568760872,"m31":0.02523627132177353,"m32":0.01931123249232769,"m33":0.9994949698448181},"translation":{"x":-15.429315567016602,"y":245.81784057617188,"z":-899}}}},"visionDetect":{"nbDetected":0,"type":[0,0,0,0],"xc":[0,0,0,0],"yc":[0,0,0,0],"width":[0,0,0,0],"height":[0,0,0,0],"dist":[0,0,0,0],"orientationAngle":[0,0,0,0],"rotation":[{"m11":0,"m12":0,"m13":0,"m21":0,"m22":0,"m23":0,"m31":0,"m32":0,"m33":0},{"m11":0,"m12":0,"m13":0,"m21":0,"m22":0,"m23":0,"m31":0,"m32":0,"m33":0},{"m11":0,"m12":0,"m13":0,"m21":0,"m22":0,"m23":0,"m31":0,"m32":0,"m33":0},{"m11":0,"m12":0,"m13":0,"m21":0,"m22":0,"m23":0,"m31":0,"m32":0,"m33":0}],"translation":[{"x":0,"y":0,"z":0},{"x":0,"y":0,"z":0},{"x":0,"y":0,"z":0},{"x":0,"y":0,"z":0}],"cameraSource":[0,0,0,0]}}],[{"time":10},{"header":1432778632,"droneState":{"flying":1,"videoEnabled":0,"visionEnabled":1,"controlAlgorithm":0,"altitudeControlAlgorithm":1,"startButtonState":1,"controlCommandAck":0,"cameraReady":1,"travellingEnabled":0,"usbReady":0,"navdataDemo":1,"navdataBootstrap":0,"motorProblem":0,"communicationLost":0,"softwareFault":0,"lowBattery":0,"userEmergencyLanding":0,"timerElapsed":0,"MagnometerNeedsCalibration":0,"anglesOutOfRange":0,"tooMuchWind":0,"ultrasonicSensorDeaf":0,"cutoutDetected":0,"picVersionNumberOk":1,"atCodecThreadOn":1,"navdataThreadOn":1,"videoThreadOn":1,"acquisitionThreadOn":1,"controlWatchdogDelay":0,"adcWatchdogDelay":0,"comWatchdogProblem":0,"emergencyLanding":0},"sequenceNumber":4291,"visionFlag":1,"demo":{"controlState":"CTRL_HOVERING","flyState":"FLYING_OK","batteryPercentage":66,"rotation":{"frontBack":-2.169,"pitch":-2.169,"theta":-2.169,"y":-2.169,"leftRight":2.435,"roll":2.435,"phi":2.435,"x":2.435,"clockwise":130.857,"yaw":130.857,"psi":130.857,"z":130.857},"frontBackDegrees":-2.169,"leftRightDegrees":2.435,"clockwiseDegrees":130.857,"altitude":0.804,"altitudeMeters":0.804,"velocity":{"x":29.861530303955078,"y":139.76339721679688,"z":0},"xVelocity":29.861530303955078,"yVelocity":139.76339721679688,"zVelocity":0,"frameIndex":0,"detection":{"camera":{"rotation":{"m11":0,"m12":0,"m13":0,"m21":0,"m22":0,"m23":0,"m31":0,"m32":0,"m33":0},"translation":{"x":0,"y":0,"z":0},"type":3},"tagIndex":0},"drone":{"camera":{"rotation":{"m11":0.9588383436203003,"m12":0.27982205152511597,"m13":-0.04825601726770401,"m21":-0.2814179062843323,"m22":0.9591125249862671,"m23":-0.030119242146611214,"m31":0.03785492479801178,"m32":0.04245959222316742,"m33":0.9983807802200317},"translation":{"x":17.68536376953125,"y":198.8725128173828,"z":-1082}}}},"visionDetect":{"nbDetected":0,"type":[0,0,0,0],"xc":[0,0,0,0],"yc":[0,0,0,0],"width":[0,0,0,0],"height":[0,0,0,0],"dist":[0,0,0,0],"orientationAngle":[0,0,0,0],"rotation":[{"m11":0,"m12":0,"m13":0,"m21":0,"m22":0,"m23":0,"m31":0,"m32":0,"m33":0},{"m11":0,"m12":0,"m13":0,"m21":0,"m22":0,"m23":0,"m31":0,"m32":0,"m33":0},{"m11":0,"m12":0,"m13":0,"m21":0,"m22":0,"m23":0,"m31":0,"m32":0,"m33":0},{"m11":0,"m12":0,"m13":0,"m21":0,"m22":0,"m23":0,"m31":0,"m32":0,"m33":0}],"translation":[{"x":0,"y":0,"z":0},{"x":0,"y":0,"z":0},{"x":0,"y":0,"z":0},{"x":0,"y":0,"z":0}],"cameraSource":[0,0,0,0]}}],[{"time":11},{"header":1432778632,"droneState":{"flying":1,"videoEnabled":0,"visionEnabled":1,"controlAlgorithm":0,"altitudeControlAlgorithm":1,"startButtonState":1,"controlCommandAck":0,"cameraReady":1,"travellingEnabled":0,"usbReady":0,"navdataDemo":1,"navdataBootstrap":0,"motorProblem":0,"communicationLost":0,"softwareFault":0,"lowBattery":0,"userEmergencyLanding":0,"timerElapsed":0,"MagnometerNeedsCalibration":0,"anglesOutOfRange":0,"tooMuchWind":0,"ultrasonicSensorDeaf":0,"cutoutDetected":0,"picVersionNumberOk":1,"atCodecThreadOn":1,"navdataThreadOn":1,"videoThreadOn":1,"acquisitionThreadOn":1,"controlWatchdogDelay":0,"adcWatchdogDelay":0,"comWatchdogProblem":0,"emergencyLanding":0},"sequenceNumber":4307,"visionFlag":1,"demo":{"controlState":"CTRL_FLYING","flyState":"FLYING_OK","batteryPercentage":66,"rotation":{"frontBack":-7.242,"pitch":-7.242,"theta":-7.242,"y":-7.242,"leftRight":-1.008,"roll":-1.008,"phi":-1.008,"x":-1.008,"clockwise":130.332,"yaw":130.332,"psi":130.332,"z":130.332},"frontBackDegrees":-7.242,"leftRightDegrees":-1.008,"clockwiseDegrees":130.332,"altitude":0.822,"altitudeMeters":0.822,"velocity":{"x":1536.6790771484375,"y":487.0251159667969,"z":0},"xVelocity":1536.6790771484375,"yVelocity":487.0251159667969,"zVelocity":0,"frameIndex":0,"detection":{"camera":{"rotation":{"m11":0,"m12":0,"m13":0,"m21":0,"m22":0,"m23":0,"m31":0,"m32":0,"m33":0},"translation":{"x":0,"y":0,"z":0},"type":3},"tagIndex":0},"drone":{"camera":{"rotation":{"m11":0.9485822916030884,"m12":0.29475435614585876,"m13":-0.11537522077560425,"m21":-0.2903437316417694,"m22":0.9554136395454407,"m23":0.053715042769908905,"m31":0.12606379389762878,"m32":-0.017454668879508972,"m33":0.9918685555458069},"translation":{"x":-677.2378540039062,"y":416.64239501953125,"z":-1045}}}},"visionDetect":{"nbDetected":0,"type":[0,0,0,0],"xc":[0,0,0,0],"yc":[0,0,0,0],"width":[0,0,0,0],"height":[0,0,0,0],"dist":[0,0,0,0],"orientationAngle":[0,0,0,0],"rotation":[{"m11":0,"m12":0,"m13":0,"m21":0,"m22":0,"m23":0,"m31":0,"m32":0,"m33":0},{"m11":0,"m12":0,"m13":0,"m21":0,"m22":0,"m23":0,"m31":0,"m32":0,"m33":0},{"m11":0,"m12":0,"m13":0,"m21":0,"m22":0,"m23":0,"m31":0,"m32":0,"m33":0},{"m11":0,"m12":0,"m13":0,"m21":0,"m22":0,"m23":0,"m31":0,"m32":0,"m33":0}],"translation":[{"x":0,"y":0,"z":0},{"x":0,"y":0,"z":0},{"x":0,"y":0,"z":0},{"x":0,"y":0,"z":0}],"cameraSource":[0,0,0,0]}}],[{"time":12},{"header":1432778632,"droneState":{"flying":1,"videoEnabled":0,"visionEnabled":1,"controlAlgorithm":0,"altitudeControlAlgorithm":1,"startButtonState":1,"controlCommandAck":0,"cameraReady":1,"travellingEnabled":0,"usbReady":0,"navdataDemo":1,"navdataBootstrap":0,"motorProblem":0,"communicationLost":0,"softwareFault":0,"lowBattery":0,"userEmergencyLanding":0,"timerElapsed":0,"MagnometerNeedsCalibration":0,"anglesOutOfRange":0,"tooMuchWind":0,"ultrasonicSensorDeaf":0,"cutoutDetected":0,"picVersionNumberOk":1,"atCodecThreadOn":1,"navdataThreadOn":1,"videoThreadOn":1,"acquisitionThreadOn":1,"controlWatchdogDelay":0,"adcWatchdogDelay":0,"comWatchdogProblem":0,"emergencyLanding":0},"sequenceNumber":4322,"visionFlag":1,"demo":{"controlState":"CTRL_FLYING","flyState":"FLYING_OK","batteryPercentage":66,"rotation":{"frontBack":-4.231,"pitch":-4.231,"theta":-4.231,"y":-4.231,"leftRight":1.084,"roll":1.084,"phi":1.084,"x":1.084,"clockwise":130.414,"yaw":130.414,"psi":130.414,"z":130.414},"frontBackDegrees":-4.231,"leftRightDegrees":1.084,"clockwiseDegrees":130.414,"altitude":0.691,"altitudeMeters":0.691,"velocity":{"x":2304.808349609375,"y":699.0238037109375,"z":0},"xVelocity":2304.808349609375,"yVelocity":699.0238037109375,"zVelocity":0,"frameIndex":0,"detection":{"camera":{"rotation":{"m11":0,"m12":0,"m13":0,"m21":0,"m22":0,"m23":0,"m31":0,"m32":0,"m33":0},"translation":{"x":0,"y":0,"z":0},"type":3},"tagIndex":0},"drone":{"camera":{"rotation":{"m11":0.953909695148468,"m12":0.29028648138046265,"m13":-0.07609253376722336,"m21":-0.290880024433136,"m22":0.9567534923553467,"m23":0.0034080720506608486,"m31":0.07379110902547836,"m32":0.01888280175626278,"m33":0.9970949292182922},"translation":{"x":-2322.84814453125,"y":1559.6790771484375,"z":-935}}}},"visionDetect":{"nbDetected":0,"type":[0,0,0,0],"xc":[0,0,0,0],"yc":[0,0,0,0],"width":[0,0,0,0],"height":[0,0,0,0],"dist":[0,0,0,0],"orientationAngle":[0,0,0,0],"rotation":[{"m11":0,"m12":0,"m13":0,"m21":0,"m22":0,"m23":0,"m31":0,"m32":0,"m33":0},{"m11":0,"m12":0,"m13":0,"m21":0,"m22":0,"m23":0,"m31":0,"m32":0,"m33":0},{"m11":0,"m12":0,"m13":0,"m21":0,"m22":0,"m23":0,"m31":0,"m32":0,"m33":0},{"m11":0,"m12":0,"m13":0,"m21":0,"m22":0,"m23":0,"m31":0,"m32":0,"m33":0}],"translation":[{"x":0,"y":0,"z":0},{"x":0,"y":0,"z":0},{"x":0,"y":0,"z":0},{"x":0,"y":0,"z":0}],"cameraSource":[0,0,0,0]}}],[{"time":13},{"header":1432778632,"droneState":{"flying":1,"videoEnabled":0,"visionEnabled":1,"controlAlgorithm":0,"altitudeControlAlgorithm":1,"startButtonState":1,"controlCommandAck":0,"cameraReady":1,"travellingEnabled":0,"usbReady":0,"navdataDemo":1,"navdataBootstrap":0,"motorProblem":0,"communicationLost":0,"softwareFault":0,"lowBattery":0,"userEmergencyLanding":0,"timerElapsed":0,"MagnometerNeedsCalibration":0,"anglesOutOfRange":0,"tooMuchWind":0,"ultrasonicSensorDeaf":0,"cutoutDetected":0,"picVersionNumberOk":1,"atCodecThreadOn":1,"navdataThreadOn":1,"videoThreadOn":1,"acquisitionThreadOn":1,"controlWatchdogDelay":0,"adcWatchdogDelay":0,"comWatchdogProblem":0,"emergencyLanding":0},"sequenceNumber":4337,"visionFlag":1,"demo":{"controlState":"CTRL_FLYING","flyState":"FLYING_OK","batteryPercentage":66,"rotation":{"frontBack":-6.945,"pitch":-6.945,"theta":-6.945,"y":-6.945,"leftRight":-1.09,"roll":-1.09,"phi":-1.09,"x":-1.09,"clockwise":129.275,"yaw":129.275,"psi":129.275,"z":129.275},"frontBackDegrees":-6.945,"leftRightDegrees":-1.09,"clockwiseDegrees":129.275,"altitude":0.867,"altitudeMeters":0.867,"velocity":{"x":2429.75390625,"y":1333.7093505859375,"z":0},"xVelocity":2429.75390625,"yVelocity":1333.7093505859375,"zVelocity":0,"frameIndex":0,"detection":{"camera":{"rotation":{"m11":0,"m12":0,"m13":0,"m21":0,"m22":0,"m23":0,"m31":0,"m32":0,"m33":0},"translation":{"x":0,"y":0,"z":0},"type":3},"tagIndex":0},"drone":{"camera":{"rotation":{"m11":0.9436568021774292,"m12":0.312449187040329,"m13":-0.10902910679578781,"m21":-0.30804088711738586,"m22":0.9497466683387756,"m23":0.05560631677508354,"m31":0.12092418223619461,"m32":-0.01888785883784294,"m33":0.9924820065498352},"translation":{"x":-4623.89794921875,"y":2592.633056640625,"z":-1123}}}},"visionDetect":{"nbDetected":0,"type":[0,0,0,0],"xc":[0,0,0,0],"yc":[0,0,0,0],"width":[0,0,0,0],"height":[0,0,0,0],"dist":[0,0,0,0],"orientationAngle":[0,0,0,0],"rotation":[{"m11":0,"m12":0,"m13":0,"m21":0,"m22":0,"m23":0,"m31":0,"m32":0,"m33":0},{"m11":0,"m12":0,"m13":0,"m21":0,"m22":0,"m23":0,"m31":0,"m32":0,"m33":0},{"m11":0,"m12":0,"m13":0,"m21":0,"m22":0,"m23":0,"m31":0,"m32":0,"m33":0},{"m11":0,"m12":0,"m13":0,"m21":0,"m22":0,"m23":0,"m31":0,"m32":0,"m33":0}],"translation":[{"x":0,"y":0,"z":0},{"x":0,"y":0,"z":0},{"x":0,"y":0,"z":0},{"x":0,"y":0,"z":0}],"cameraSource":[0,0,0,0]}}],[{"time":14},{"header":1432778632,"droneState":{"flying":1,"videoEnabled":0,"visionEnabled":1,"controlAlgorithm":0,"altitudeControlAlgorithm":1,"startButtonState":1,"controlCommandAck":0,"cameraReady":1,"travellingEnabled":0,"usbReady":0,"navdataDemo":1,"navdataBootstrap":0,"motorProblem":0,"communicationLost":0,"softwareFault":0,"lowBattery":0,"userEmergencyLanding":0,"timerElapsed":0,"MagnometerNeedsCalibration":0,"anglesOutOfRange":0,"tooMuchWind":0,"ultrasonicSensorDeaf":0,"cutoutDetected":0,"picVersionNumberOk":1,"atCodecThreadOn":1,"navdataThreadOn":1,"videoThreadOn":1,"acquisitionThreadOn":1,"controlWatchdogDelay":0,"adcWatchdogDelay":0,"comWatchdogProblem":0,"emergencyLanding":0},"sequenceNumber":4353,"visionFlag":1,"demo":{"controlState":"CTRL_FLYING","flyState":"FLYING_OK","batteryPercentage":66,"rotation":{"frontBack":-6.343,"pitch":-6.343,"theta":-6.343,"y":-6.343,"leftRight":-0.09,"roll":-0.09,"phi":-0.09,"x":-0.09,"clockwise":130.134,"yaw":130.134,"psi":130.134,"z":130.134},"frontBackDegrees":-6.343,"leftRightDegrees":-0.09,"clockwiseDegrees":130.134,"altitude":0.83,"altitudeMeters":0.83,"velocity":{"x":3059.23388671875,"y":1163.4383544921875,"z":0},"xVelocity":3059.23388671875,"yVelocity":1163.4383544921875,"zVelocity":0,"frameIndex":0,"detection":{"camera":{"rotation":{"m11":0,"m12":0,"m13":0,"m21":0,"m22":0,"m23":0,"m31":0,"m32":0,"m33":0},"translation":{"x":0,"y":0,"z":0},"type":3},"tagIndex":0},"drone":{"camera":{"rotation":{"m11":0.9497525691986084,"m12":0.29482269287109375,"m13":-0.10511724650859833,"m21":-0.29285305738449097,"m22":0.9555506706237793,"m23":0.03405800461769104,"m31":0.11048592627048492,"m32":-0.001562776044011116,"m33":0.9938764572143555},"translation":{"x":-7478.50830078125,"y":3990.919921875,"z":-1092}}}},"visionDetect":{"nbDetected":0,"type":[0,0,0,0],"xc":[0,0,0,0],"yc":[0,0,0,0],"width":[0,0,0,0],"height":[0,0,0,0],"dist":[0,0,0,0],"orientationAngle":[0,0,0,0],"rotation":[{"m11":0,"m12":0,"m13":0,"m21":0,"m22":0,"m23":0,"m31":0,"m32":0,"m33":0},{"m11":0,"m12":0,"m13":0,"m21":0,"m22":0,"m23":0,"m31":0,"m32":0,"m33":0},{"m11":0,"m12":0,"m13":0,"m21":0,"m22":0,"m23":0,"m31":0,"m32":0,"m33":0},{"m11":0,"m12":0,"m13":0,"m21":0,"m22":0,"m23":0,"m31":0,"m32":0,"m33":0}],"translation":[{"x":0,"y":0,"z":0},{"x":0,"y":0,"z":0},{"x":0,"y":0,"z":0},{"x":0,"y":0,"z":0}],"cameraSource":[0,0,0,0]}}],[{"time":15},{"header":1432778632,"droneState":{"flying":1,"videoEnabled":0,"visionEnabled":1,"controlAlgorithm":0,"altitudeControlAlgorithm":1,"startButtonState":0,"controlCommandAck":0,"cameraReady":1,"travellingEnabled":0,"usbReady":0,"navdataDemo":1,"navdataBootstrap":0,"motorProblem":0,"communicationLost":0,"softwareFault":0,"lowBattery":0,"userEmergencyLanding":0,"timerElapsed":0,"MagnometerNeedsCalibration":0,"anglesOutOfRange":0,"tooMuchWind":0,"ultrasonicSensorDeaf":0,"cutoutDetected":0,"picVersionNumberOk":1,"atCodecThreadOn":1,"navdataThreadOn":1,"videoThreadOn":1,"acquisitionThreadOn":1,"controlWatchdogDelay":0,"adcWatchdogDelay":0,"comWatchdogProblem":0,"emergencyLanding":0},"sequenceNumber":4368,"visionFlag":1,"demo":{"controlState":"CTRL_TRANS_LOOPING","flyState":"FLYING_OK","batteryPercentage":66,"rotation":{"frontBack":-7.589,"pitch":-7.589,"theta":-7.589,"y":-7.589,"leftRight":1.532,"roll":1.532,"phi":1.532,"x":1.532,"clockwise":130.961,"yaw":130.961,"psi":130.961,"z":130.961},"frontBackDegrees":-7.589,"leftRightDegrees":1.532,"clockwiseDegrees":130.961,"altitude":0.921,"altitudeMeters":0.921,"velocity":{"x":2706.0380859375,"y":1553.34375,"z":0},"xVelocity":2706.0380859375,"yVelocity":1553.34375,"zVelocity":0,"frameIndex":0,"detection":{"camera":{"rotation":{"m11":0,"m12":0,"m13":0,"m21":0,"m22":0,"m23":0,"m31":0,"m32":0,"m33":0},"translation":{"x":0,"y":0,"z":0},"type":3},"tagIndex":0},"drone":{"camera":{"rotation":{"m11":0.9519269466400146,"m12":0.27534011006355286,"m13":-0.1342492699623108,"m21":-0.2763892710208893,"m22":0.9609813094139099,"m23":0.01113073155283928,"m31":0.13207578659057617,"m32":0.02650940790772438,"m33":0.9908850789070129},"translation":{"x":-10226.83984375,"y":5271.0205078125,"z":-1188}}}},"visionDetect":{"nbDetected":0,"type":[0,0,0,0],"xc":[0,0,0,0],"yc":[0,0,0,0],"width":[0,0,0,0],"height":[0,0,0,0],"dist":[0,0,0,0],"orientationAngle":[0,0,0,0],"rotation":[{"m11":0,"m12":0,"m13":0,"m21":0,"m22":0,"m23":0,"m31":0,"m32":0,"m33":0},{"m11":0,"m12":0,"m13":0,"m21":0,"m22":0,"m23":0,"m31":0,"m32":0,"m33":0},{"m11":0,"m12":0,"m13":0,"m21":0,"m22":0,"m23":0,"m31":0,"m32":0,"m33":0},{"m11":0,"m12":0,"m13":0,"m21":0,"m22":0,"m23":0,"m31":0,"m32":0,"m33":0}],"translation":[{"x":0,"y":0,"z":0},{"x":0,"y":0,"z":0},{"x":0,"y":0,"z":0},{"x":0,"y":0,"z":0}],"cameraSource":[0,0,0,0]}}],[{"time":16},{"header":1432778632,"droneState":{"flying":1,"videoEnabled":0,"visionEnabled":1,"controlAlgorithm":0,"altitudeControlAlgorithm":1,"startButtonState":0,"controlCommandAck":0,"cameraReady":1,"travellingEnabled":0,"usbReady":0,"navdataDemo":1,"navdataBootstrap":0,"motorProblem":0,"communicationLost":0,"softwareFault":0,"lowBattery":0,"userEmergencyLanding":0,"timerElapsed":0,"MagnometerNeedsCalibration":0,"anglesOutOfRange":0,"tooMuchWind":0,"ultrasonicSensorDeaf":0,"cutoutDetected":0,"picVersionNumberOk":1,"atCodecThreadOn":1,"navdataThreadOn":1,"videoThreadOn":1,"acquisitionThreadOn":1,"controlWatchdogDelay":0,"adcWatchdogDelay":0,"comWatchdogProblem":0,"emergencyLanding":0},"sequenceNumber":4383,"visionFlag":1,"demo":{"controlState":"CTRL_TRANS_LOOPING","flyState":"FLYING_OK","batteryPercentage":66,"rotation":{"frontBack":-1.798,"pitch":-1.798,"theta":-1.798,"y":-1.798,"leftRight":0.937,"roll":0.937,"phi":0.937,"x":0.937,"clockwise":131.525,"yaw":131.525,"psi":131.525,"z":131.525},"frontBackDegrees":-1.798,"leftRightDegrees":0.937,"clockwiseDegrees":131.525,"altitude":0.311,"altitudeMeters":0.311,"velocity":{"x":827.6151123046875,"y":953.6627197265625,"z":0},"xVelocity":827.6151123046875,"yVelocity":953.6627197265625,"zVelocity":0,"frameIndex":0,"detection":{"camera":{"rotation":{"m11":0,"m12":0,"m13":0,"m21":0,"m22":0,"m23":0,"m31":0,"m32":0,"m33":0},"translation":{"x":0,"y":0,"z":0},"type":3},"tagIndex":0},"drone":{"camera":{"rotation":{"m11":0.9625648856163025,"m12":0.2688314616680145,"m13":-0.0346197672188282,"m21":-0.2692292034626007,"m22":0.9630484580993652,"m23":-0.007303507067263126,"m31":0.03137710317969322,"m32":0.016350749880075455,"m33":0.9993738532066345},"translation":{"x":-12373.13671875,"y":5729.33056640625,"z":-461}}}},"visionDetect":{"nbDetected":0,"type":[0,0,0,0],"xc":[0,0,0,0],"yc":[0,0,0,0],"width":[0,0,0,0],"height":[0,0,0,0],"dist":[0,0,0,0],"orientationAngle":[0,0,0,0],"rotation":[{"m11":0,"m12":0,"m13":0,"m21":0,"m22":0,"m23":0,"m31":0,"m32":0,"m33":0},{"m11":0,"m12":0,"m13":0,"m21":0,"m22":0,"m23":0,"m31":0,"m32":0,"m33":0},{"m11":0,"m12":0,"m13":0,"m21":0,"m22":0,"m23":0,"m31":0,"m32":0,"m33":0},{"m11":0,"m12":0,"m13":0,"m21":0,"m22":0,"m23":0,"m31":0,"m32":0,"m33":0}],"translation":[{"x":0,"y":0,"z":0},{"x":0,"y":0,"z":0},{"x":0,"y":0,"z":0},{"x":0,"y":0,"z":0}],"cameraSource":[0,0,0,0]}}],[{"time":17},{"header":1432778632,"droneState":{"flying":0,"videoEnabled":0,"visionEnabled":1,"controlAlgorithm":0,"altitudeControlAlgorithm":1,"startButtonState":0,"controlCommandAck":0,"cameraReady":1,"travellingEnabled":0,"usbReady":0,"navdataDemo":1,"navdataBootstrap":0,"motorProblem":0,"communicationLost":0,"softwareFault":0,"lowBattery":0,"userEmergencyLanding":0,"timerElapsed":0,"MagnometerNeedsCalibration":0,"anglesOutOfRange":0,"tooMuchWind":0,"ultrasonicSensorDeaf":0,"cutoutDetected":0,"picVersionNumberOk":1,"atCodecThreadOn":1,"navdataThreadOn":1,"videoThreadOn":1,"acquisitionThreadOn":1,"controlWatchdogDelay":0,"adcWatchdogDelay":0,"comWatchdogProblem":1,"emergencyLanding":0},"sequenceNumber":4398,"visionFlag":1,"demo":{"controlState":"CTRL_LANDED","flyState":"FLYING_OK","batteryPercentage":66,"rotation":{"frontBack":-8.824,"pitch":-8.824,"theta":-8.824,"y":-8.824,"leftRight":6.294,"roll":6.294,"phi":6.294,"x":6.294,"clockwise":133.476,"yaw":133.476,"psi":133.476,"z":133.476},"frontBackDegrees":-8.824,"leftRightDegrees":6.294,"clockwiseDegrees":133.476,"altitude":0,"altitudeMeters":0,"velocity":{"x":0,"y":0,"z":0},"xVelocity":0,"yVelocity":0,"zVelocity":0,"frameIndex":0,"detection":{"camera":{"rotation":{"m11":0,"m12":0,"m13":0,"m21":0,"m22":0,"m23":0,"m31":0,"m32":0,"m33":0},"translation":{"x":0,"y":0,"z":0},"type":3},"tagIndex":0},"drone":{"camera":{"rotation":{"m11":0.9601496458053589,"m12":0.2186543345451355,"m13":-0.17407754063606262,"m21":-0.23362338542938232,"m22":0.9697693586349487,"m23":-0.07048079371452332,"m31":0.1534041464328766,"m32":0.10834069550037384,"m33":0.9822064638137817},"translation":{"x":-1.944974660873413,"y":0.4796287417411804,"z":0}}}},"visionDetect":{"nbDetected":0,"type":[0,0,0,0],"xc":[0,0,0,0],"yc":[0,0,0,0],"width":[0,0,0,0],"height":[0,0,0,0],"dist":[0,0,0,0],"orientationAngle":[0,0,0,0],"rotation":[{"m11":0,"m12":0,"m13":0,"m21":0,"m22":0,"m23":0,"m31":0,"m32":0,"m33":0},{"m11":0,"m12":0,"m13":0,"m21":0,"m22":0,"m23":0,"m31":0,"m32":0,"m33":0},