{"1":{"drone_data":{"header":1432778632,"droneState":{"flying":0,"videoEnabled":0,"visionEnabled":0,"controlAlgorithm":0,"altitudeControlAlgorithm":1,"startButtonState":0,"controlCommandAck":0,"cameraReady":1,"travellingEnabled":0,"usbReady":0,"navdataDemo":1,"navdataBootstrap":0,"motorProblem":0,"communicationLost":0,"softwareFault":0,"lowBattery":0,"userEmergencyLanding":0,"timerElapsed":0,"MagnometerNeedsCalibration":0,"anglesOutOfRange":0,"tooMuchWind":0,"ultrasonicSensorDeaf":0,"cutoutDetected":0,"picVersionNumberOk":1,"atCodecThreadOn":1,"navdataThreadOn":1,"videoThreadOn":1,"acquisitionThreadOn":1,"controlWatchdogDelay":0,"adcWatchdogDelay":0,"comWatchdogProblem":0,"emergencyLanding":0},"sequenceNumber":337,"visionFlag":1,"demo":{"controlState":"CTRL_LANDED","flyState":"FLYING_OK","batteryPercentage":70,"rotation":{"frontBack":0.606,"pitch":0.606,"theta":0.606,"y":0.606,"leftRight":0,"roll":0,"phi":0,"x":0,"clockwise":-0.092,"yaw":-0.092,"psi":-0.092,"z":-0.092},"frontBackDegrees":0.606,"leftRightDegrees":0,"clockwiseDegrees":-0.092,"altitude":0,"altitudeMeters":0,"velocity":{"x":0,"y":0,"z":0},"xVelocity":0,"yVelocity":0,"zVelocity":0,"frameIndex":0,"detection":{"camera":{"rotation":{"m11":0,"m12":0,"m13":0,"m21":0,"m22":0,"m23":0,"m31":0,"m32":0,"m33":0},"translation":{"x":0,"y":0,"z":0},"type":3},"tagIndex":0},"drone":{"camera":{"rotation":{"m11":0.9999426603317261,"m12":0.0016145739937201142,"m13":0.010583058930933475,"m21":-0.0016144983237609267,"m22":0.9999986886978149,"m23":-0.00001568496554682497,"m31":-0.010583070106804371,"m32":-0.0000014022648429090623,"m33":0.9999439716339111},"translation":{"x":0,"y":0,"z":-235}}}},"visionDetect":{"nbDetected":0,"type":[0,0,0,0],"xc":[0,0,0,0],"yc":[0,0,0,0],"width":[0,0,0,0],"height":[0,0,0,0],"dist":[0,0,0,0],"orientationAngle":[0,0,0,0],"rotation":[{"m11":0,"m12":0,"m13":0,"m21":0,"m22":0,"m23":0,"m31":0,"m32":0,"m33":0},{"m11":0,"m12":0,"m13":0,"m21":0,"m22":0,"m23":0,"m31":0,"m32":0,"m33":0},{"m11":0,"m12":0,"m13":0,"m21":0,"m22":0,"m23":0,"m31":0,"m32":0,"m33":0},{"m11":0,"m12":0,"m13":0,"m21":0,"m22":0,"m23":0,"m31":0,"m32":0,"m33":0}],"translation":[{"x":0,"y":0,"z":0},{"x":0,"y":0,"z":0},{"x":0,"y":0,"z":0},{"x":0,"y":0,"z":0}],"cameraSource":[0,0,0,0]}},"longitude":"-1","latitude":"-1","altitude":"-1"},"2":{"drone_data":{"header":1432778632,"droneState":{"flying":0,"videoEnabled":0,"visionEnabled":0,"controlAlgorithm":0,"altitudeControlAlgorithm":1,"startButtonState":0,"controlCommandAck":0,"cameraReady":1,"travellingEnabled":0,"usbReady":0,"navdataDemo":1,"navdataBootstrap":0,"motorProblem":0,"communicationLost":0,"softwareFault":0,"lowBattery":0,"userEmergencyLanding":0,"timerElapsed":0,"MagnometerNeedsCalibration":0,"anglesOutOfRange":0,"tooMuchWind":0,"ultrasonicSensorDeaf":0,"cutoutDetected":0,"picVersionNumberOk":1,"atCodecThreadOn":1,"navdataThreadOn":1,"videoThreadOn":1,"acquisitionThreadOn":1,"controlWatchdogDelay":0,"adcWatchdogDelay":0,"comWatchdogProblem":0,"emergencyLanding":0},"sequenceNumber":352,"visionFlag":1,"demo":{"controlState":"CTRL_LANDED","flyState":"FLYING_OK","batteryPercentage":70,"rotation":{"frontBack":0.59,"pitch":0.59,"theta":0.59,"y":0.59,"leftRight":0.002,"roll":0.002,"phi":0.002,"x":0.002,"clockwise":-0.068,"yaw":-0.068,"psi":-0.068,"z":-0.068},"frontBackDegrees":0.59,"leftRightDegrees":0.002,"clockwiseDegrees":-0.068,"altitude":0,"altitudeMeters":0,"velocity":{"x":0,"y":0,"z":0},"xVelocity":0,"yVelocity":0,"zVelocity":0,"frameIndex":0,"detection":{"camera":{"rotation":{"m11":0,"m12":0,"m13":0,"m21":0,"m22":0,"m23":0,"m31":0,"m32":0,"m33":0},"translation":{"x":0,"y":0,"z":0},"type":3},"tagIndex":0},"drone":{"camera":{"rotation":{"m11":0.999946117401123,"m12":0.001204005558975041,"m13":0.010308818891644478,"m21":-0.0012034530518576503,"m22":0.9999992847442627,"m23":-0.000059796282585011795,"m31":-0.010308884084224701,"m32":0.000047386882215505466,"m33":0.9999468326568604},"translation":{"x":0,"y":0,"z":-235}}}},"visionDetect":{"nbDetected":0,"type":[0,0,0,0],"xc":[0,0,0,0],"yc":[0,0,0,0],"width":[0,0,0,0],"height":[0,0,0,0],"dist":[0,0,0,0],"orientationAngle":[0,0,0,0],"rotation":[{"m11":0,"m12":0,"m13":0,"m21":0,"m22":0,"m23":0,"m31":0,"m32":0,"m33":0},{"m11":0,"m12":0,"m13":0,"m21":0,"m22":0,"m23":0,"m31":0,"m32":0,"m33":0},{"m11":0,"m12":0,"m13":0,"m21":0,"m22":0,"m23":0,"m31":0,"m32":0,"m33":0},{"m11":0,"m12":0,"m13":0,"m21":0,"m22":0,"m23":0,"m31":0,"m32":0,"m33":0}],"translation":[{"x":0,"y":0,"z":0},{"x":0,"y":0,"z":0},{"x":0,"y":0,"z":0},{"x":0,"y":0,"z":0}],"cameraSource":[0,0,0,0]}},"longitude":"-1","latitude":"-1","altitude":"-1"},"4":{"drone_data":{"header":1432778632,"droneState":{"flying":0,"videoEnabled":0,"visionEnabled":0,"controlAlgorithm":0,"altitudeControlAlgorithm":1,"startButtonState":0,"controlCommandAck":0,"cameraReady":1,"travellingEnabled":0,"usbReady":0,"navdataDemo":1,"navdataBootstrap":0,"motorProblem":0,"communicationLost":0,"softwareFault":0,"lowBattery":0,"userEmergencyLanding":0,"timerElapsed":0,"MagnometerNeedsCalibration":0,"anglesOutOfRange":0,"tooMuchWind":0,"ultrasonicSensorDeaf":0,"cutoutDetected":0,"picVersionNumberOk":1,"atCodecThreadOn":1,"navdataThreadOn":1,"videoThreadOn":1,"acquisitionThreadOn":1,"controlWatchdogDelay":0,"adcWatchdogDelay":0,"comWatchdogProblem":0,"emergencyLanding":0},"sequenceNumber":383,"visionFlag":1,"demo":{"controlState":"CTRL_LANDED","flyState":"FLYING_OK","batteryPercentage":70,"rotation":{"frontBack":0.596,"pitch":0.596,"theta":0.596,"y":0.596,"leftRight":0.006,"roll":0.006,"phi":0.006,"x":0.006,"clockwise":-0.01,"yaw":-0.01,"psi":-0.01,"z":-0.01},"frontBackDegrees":0.596,"leftRightDegrees":0.006,"clockwiseDegrees":-0.01,"altitude":0,"altitudeMeters":0,"velocity":{"x":0,"y":0,"z":0},"xVelocity":0,"yVelocity":0,"zVelocity":0,"frameIndex":0,"detection":{"camera":{"rotation":{"m11":0,"m12":0,"m13":0,"m21":0,"m22":0,"m23":0,"m31":0,"m32":0,"m33":0},"translation":{"x":0,"y":0,"z":0},"type":3},"tagIndex":0},"drone":{"camera":{"rotation":{"m11":0.9999457001686096,"m12":0.0001809535751817748,"m13":0.010418355464935303,"m21":-0.00017971843772102147,"m22":1,"m23":-0.00011948932660743594,"m31":-0.010418375954031944,"m32":0.00011761047062464058,"m33":0.9999457001686096},"translation":{"x":0,"y":0,"z":-235}}}},"visionDetect":{"nbDetected":0,"type":[0,0,0,0],"xc":[0,0,0,0],"yc":[0,0,0,0],"width":[0,0,0,0],"height":[0,0,0,0],"dist":[0,0,0,0],"orientationAngle":[0,0,0,0],"rotation":[{"m11":0,"m12":0,"m13":0,"m21":0,"m22":0,"m23":0,"m31":0,"m32":0,"m33":0},{"m11":0,"m12":0,"m13":0,"m21":0,"m22":0,"m23":0,"m31":0,"m32":0,"m33":0},{"m11":0,"m12":0,"m13":0,"m21":0,"m22":0,"m23":0,"m31":0,"m32":0,"m33":0},{"m11":0,"m12":0,"m13":0,"m21":0,"m22":0,"m23":0,"m31":0,"m32":0,"m33":0}],"translation":[{"x":0,"y":0,"z":0},{"x":0,"y":0,"z":0},{"x":0,"y":0,"z":0},{"x":0,"y":0,"z":0}],"cameraSource":[0,0,0,0]}},"longitude":"-1","latitude":"-1","altitude":"-1"},"5":{"drone_data":{"header":1432778632,"droneState":{"flying":0,"videoEnabled":0,"visionEnabled":0,"controlAlgorithm":0,"altitudeControlAlgorithm":1,"startButtonState":0,"controlCommandAck":0,"cameraReady":1,"travellingEnabled":0,"usbReady":0,"navdataDemo":1,"navdataBootstrap":0,"motorProblem":0,"communicationLost":0,"softwareFault":0,"lowBattery":0,"userEmergencyLanding":0,"timerElapsed":0,"MagnometerNeedsCalibration":0,"anglesOutOfRange":0,"tooMuchWind":0,"ultrasonicSensorDeaf":0,"cutoutDetected":0,"picVersionNumberOk":1,"atCodecThreadOn":1,"navdataThreadOn":1,"videoThreadOn":1,"acquisitionThreadOn":1,"controlWatchdogDelay":0,"adcWatchdogDelay":0,"comWatchdogProblem":0,"emergencyLanding":0},"sequenceNumber":398,"visionFlag":1,"demo":{"controlState":"CTRL_LANDED","flyState":"FLYING_OK","batteryPercentage":70,"rotation":{"frontBack":0.608,"pitch":0.608,"theta":0.608,"y":0.608,"leftRight":0.065,"roll":0.065,"phi":0.065,"x":0.065,"clockwise":0.024,"yaw":0.024,"psi":0.024,"z":0.024},"frontBackDegrees":0.608,"leftRightDegrees":0.065,"clockwiseDegrees":0.024,"altitude":0,"altitudeMeters":0,"velocity":{"x":0,"y":0,"z":0},"xVelocity":0,"yVelocity":0,"zVelocity":0,"frameIndex":0,"detection":{"camera":{"rotation":{"m11":0,"m12":0,"m13":0,"m21":0,"m22":0,"m23":0,"m31":0,"m32":0,"m33":0},"translation":{"x":0,"y":0,"z":0},"type":3},"tagIndex":0},"drone":{"camera":{"rotation":{"m11":0.9999436140060425,"m12":-0.00041578139644116163,"m13":0.010612712241709232,"m21":0.000427799706812948,"m22":0.9999992847442627,"m23":-0.0011301978956907988,"m31":-0.01061223540455103,"m32":0.001134674297645688,"m33":0.9999430179595947},"translation":{"x":0,"y":0,"z":-235}}}},"visionDetect":{"nbDetected":0,"type":[0,0,0,0],"xc":[0,0,0,0],"yc":[0,0,0,0],"width":[0,0,0,0],"height":[0,0,0,0],"dist":[0,0,0,0],"orientationAngle":[0,0,0,0],"rotation":[{"m11":0,"m12":0,"m13":0,"m21":0,"m22":0,"m23":0,"m31":0,"m32":0,"m33":0},{"m11":0,"m12":0,"m13":0,"m21":0,"m22":0,"m23":0,"m31":0,"m32":0,"m33":0},{"m11":0,"m12":0,"m13":0,"m21":0,"m22":0,"m23":0,"m31":0,"m32":0,"m33":0},{"m11":0,"m12":0,"m13":0,"m21":0,"m22":0,"m23":0,"m31":0,"m32":0,"m33":0}],"translation":[{"x":0,"y":0,"z":0},{"x":0,"y":0,"z":0},{"x":0,"y":0,"z":0},{"x":0,"y":0,"z":0}],"cameraSource":[0,0,0,0]}},"longitude":"-1","latitude":"-1","altitude":"-1"},"6":{"drone_data":{"header":1432778632,"droneState":{"flying":0,"videoEnabled":0,"visionEnabled":0,"controlAlgorithm":0,"altitudeControlAlgorithm":1,"startButtonState":0,"controlCommandAck":0,"cameraReady":1,"travellingEnabled":0,"usbReady":0,"navdataDemo":1,"navdataBootstrap":0,"motorProblem":0,"communicationLost":0,"softwareFault":0,"lowBattery":0,"userEmergencyLanding":0,"timerElapsed":0,"MagnometerNeedsCalibration":0,"anglesOutOfRange":0,"tooMuchWind":0,"ultrasonicSensorDeaf":0,"cutoutDetected":0,"picVersionNumberOk":1,"atCodecThreadOn":1,"navdataThreadOn":1,"videoThreadOn":1,"acquisitionThreadOn":1,"controlWatchdogDelay":0,"adcWatchdogDelay":0,"comWatchdogProblem":0,"emergencyLanding":0},"sequenceNumber":413,"visionFlag":1,"demo":{"controlState":"CTRL_LANDED","flyState":"FLYING_OK","batteryPercentage":70,"rotation":{"frontBack":0.604,"pitch":0.604,"theta":0.604,"y":0.604,"leftRight":0.069,"roll":0.069,"phi":0.069,"x":0.069,"clockwise":0.056,"yaw":0.056,"psi":0.056,"z":0.056},"frontBackDegrees":0.604,"leftRightDegrees":0.069,"clockwiseDegrees":0.056,"altitude":0,"altitudeMeters":0,"velocity":{"x":0,"y":0,"z":0},"xVelocity":0,"yVelocity":0,"zVelocity":0,"frameIndex":0,"detection":{"camera":{"rotation":{"m11":0,"m12":0,"m13":0,"m21":0,"m22":0,"m23":0,"m31":0,"m32":0,"m33":0},"translation":{"x":0,"y":0,"z":0},"type":3},"tagIndex":0},"drone":{"camera":{"rotation":{"m11":0.9999439120292664,"m12":-0.0009727177093736827,"m13":0.01054389402270317,"m21":0.0009855413809418678,"m22":0.9999988079071045,"m23":-0.0012110916431993246,"m31":-0.010542703792452812,"m32":0.0012214151211082935,"m33":0.9999436736106873},"translation":{"x":0,"y":0,"z":-234}}}},"visionDetect":{"nbDetected":0,"type":[0,0,0,0],"xc":[0,0,0,0],"yc":[0,0,0,0],"width":[0,0,0,0],"height":[0,0,0,0],"dist":[0,0,0,0],"orientationAngle":[0,0,0,0],"rotation":[{"m11":0,"m12":0,"m13":0,"m21":0,"m22":0,"m23":0,"m31":0,"m32":0,"m33":0},{"m11":0,"m12":0,"m13":0,"m21":0,"m22":0,"m23":0,"m31":0,"m32":0,"m33":0},{"m11":0,"m12":0,"m13":0,"m21":0,"m22":0,"m23":0,"m31":0,"m32":0,"m33":0},{"m11":0,"m12":0,"m13":0,"m21":0,"m22":0,"m23":0,"m31":0,"m32":0,"m33":0}],"translation":[{"x":0,"y":0,"z":0},{"x":0,"y":0,"z":0},{"x":0,"y":0,"z":0},{"x":0,"y":0,"z":0}],"cameraSource":[0,0,0,0]}},"longitude":"-1","latitude":"-1","altitude":"-1"},"7":{"drone_data":{"header":1432778632,"droneState":{"flying":0,"videoEnabled":0,"visionEnabled":0,"controlAlgorithm":0,"altitudeControlAlgorithm":1,"startButtonState":0,"controlCommandAck":0,"cameraReady":1,"travellingEnabled":0,"usbReady":0,"navdataDemo":1,"navdataBootstrap":0,"motorProblem":0,"communicationLost":0,"softwareFault":0,"lowBattery":0,"userEmergencyLanding":0,"timerElapsed":0,"MagnometerNeedsCalibration":0,"anglesOutOfRange":0,"tooMuchWind":0,"ultrasonicSensorDeaf":0,"cutoutDetected":0,"picVersionNumberOk":1,"atCodecThreadOn":1,"navdataThreadOn":1,"videoThreadOn":1,"acquisitionThreadOn":1,"controlWatchdogDelay":0,"adcWatchdogDelay":0,"comWatchdogProblem":0,"emergencyLanding":0},"sequenceNumber":429,"visionFlag":1,"demo":{"controlState":"CTRL_LANDED","flyState":"FLYING_OK","batteryPercentage":70,"rotation":{"frontBack":0.596,"pitch":0.596,"theta":0.596,"y":0.596,"leftRight":0.086,"roll":0.086,"phi":0.086,"x":0.086,"clockwise":0.097,"yaw":0.097,"psi":0.097,"z":0.097},"frontBackDegrees":0.596,"leftRightDegrees":0.086,"clockwiseDegrees":0.097,"altitude":0,"altitudeMeters":0,"velocity":{"x":0,"y":0,"z":0},"xVelocity":0,"yVelocity":0,"zVelocity":0,"frameIndex":0,"detection":{"camera":{"rotation":{"m11":0,"m12":0,"m13":0,"m21":0,"m22":0,"m23":0,"m31":0,"m32":0,"m33":0},"translation":{"x":0,"y":0,"z":0},"type":3},"tagIndex":0},"drone":{"camera":{"rotation":{"m11":0.9999443888664246,"m12":-0.0016848808154463768,"m13":0.010410686023533344,"m21":0.0017004741821438074,"m22":0.9999974370002747,"m23":-0.001489149872213602,"m31":-0.010408150963485241,"m32":0.0015067702624946833,"m33":0.9999446868896484},"translation":{"x":0,"y":0,"z":-235}}}},"visionDetect":{"nbDetected":0,"type":[0,0,0,0],"xc":[0,0,0,0],"yc":[0,0,0,0],"width":[0,0,0,0],"height":[0,0,0,0],"dist":[0,0,0,0],"orientationAngle":[0,0,0,0],"rotation":[{"m11":0,"m12":0,"m13":0,"m21":0,"m22":0,"m23":0,"m31":0,"m32":0,"m33":0},{"m11":0,"m12":0,"m13":0,"m21":0,"m22":0,"m23":0,"m31":0,"m32":0,"m33":0},{"m11":0,"m12":0,"m13":0,"m21":0,"m22":0,"m23":0,"m31":0,"m32":0,"m33":0},{"m11":0,"m12":0,"m13":0,"m21":0,"m22":0,"m23":0,"m31":0,"m32":0,"m33":0}],"translation":[{"x":0,"y":0,"z":0},{"x":0,"y":0,"z":0},{"x":0,"y":0,"z":0},{"x":0,"y":0,"z":0}],"cameraSource":[0,0,0,0]}},"longitude":"-1","latitude":"-1","altitude":"-1"},"8":{"drone_data":{"header":1432778632,"droneState":{"flying":0,"videoEnabled":0,"visionEnabled":0,"controlAlgorithm":0,"altitudeControlAlgorithm":1,"startButtonState":0,"controlCommandAck":0,"cameraReady":1,"travellingEnabled":0,"usbReady":0,"navdataDemo":1,"navdataBootstrap":0,"motorProblem":0,"communicationLost":0,"softwareFault":0,"lowBattery":0,"userEmergencyLanding":0,"timerElapsed":0,"MagnometerNeedsCalibration":0,"anglesOutOfRange":0,"tooMuchWind":0,"ultrasonicSensorDeaf":0,"cutoutDetected":0,"picVersionNumberOk":1,"atCodecThreadOn":1,"navdataThreadOn":1,"videoThreadOn":1,"acquisitionThreadOn":1,"controlWatchdogDelay":0,"adcWatchdogDelay":0,"comWatchdogProblem":0,"emergencyLanding":0},"sequenceNumber":444,"visionFlag":1,"demo":{"controlState":"CTRL_LANDED","flyState":"FLYING_OK","batteryPercentage":70,"rotation":{"frontBack":0.602,"pitch":0.602,"theta":0.602,"y":0.602,"leftRight":0.1,"roll":0.1,"phi":0.1,"x":0.1,"clockwise":0.123,"yaw":0.123,"psi":0.123,"z":0.123},"frontBackDegrees":0.602,"leftRightDegrees":0.1,"clockwiseDegrees":0.123,"altitude":0,"altitudeMeters":0,"velocity":{"x":0,"y":0,"z":0},"xVelocity":0,"yVelocity":0,"zVelocity":0,"frameIndex":0,"detection":{"camera":{"rotation":{"m11":0,"m12":0,"m13":0,"m21":0,"m22":0,"m23":0,"m31":0,"m32":0,"m33":0},"translation":{"x":0,"y":0,"z":0},"type":3},"tagIndex":0},"drone":{"camera":{"rotation":{"m11":0.9999424815177917,"m12":-0.0021296446211636066,"m13":0.010516015812754631,"m21":0.002147915307432413,"m22":0.9999962449073792,"m23":-0.001726421993225813,"m31":-0.010512299835681915,"m32":0.0017489101737737656,"m33":0.9999432563781738},"translation":{"x":0,"y":0,"z":-235}}}},"visionDetect":{"nbDetected":0,"type":[0,0,0,0],"xc":[0,0,0,0],"yc":[0,0,0,0],"width":[0,0,0,0],"height":[0,0,0,0],"dist":[0,0,0,0],"orientationAngle":[0,0,0,0],"rotation":[{"m11":0,"m12":0,"m13":0,"m21":0,"m22":0,"m23":0,"m31":0,"m32":0,"m33":0},{"m11":0,"m12":0,"m13":0,"m21":0,"m22":0,"m23":0,"m31":0,"m32":0,"m33":0},{"m11":0,"m12":0,"m13":0,"m21":0,"m22":0,"m23":0,"m31":0,"m32":0,"m33":0},{"m11":0,"m12":0,"m13":0,"m21":0,"m22":0,"m23":0,"m31":0,"m32":0,"m33":0}],"translation":[{"x":0,"y":0,"z":0},{"x":0,"y":0,"z":0},{"x":0,"y":0,"z":0},{"x":0,"y":0,"z":0}],"cameraSource":[0,0,0,0]}},"longitude":"-1","latitude":"-1","altitude":"-1"},"9":{"drone_data":{"header":1432778632,"droneState":{"flying":0,"videoEnabled":0,"visionEnabled":0,"controlAlgorithm":0,"altitudeControlAlgorithm":1,"startButtonState":0,"controlCommandAck":0,"cameraReady":1,"travellingEnabled":0,"usbReady":0,"navdataDemo":1,"navdataBootstrap":0,"motorProblem":0,"communicationLost":0,"softwareFault":0,"lowBattery":0,"userEmergencyLanding":0,"timerElapsed":0,"MagnometerNeedsCalibration":0,"anglesOutOfRange":0,"tooMuchWind":0,"ultrasonicSensorDeaf":0,"cutoutDetected":0,"picVersionNumberOk":1,"atCodecThreadOn":1,"navdataThreadOn":1,"videoThreadOn":1,"acquisitionThreadOn":1,"controlWatchdogDelay":0,"adcWatchdogDelay":0,"comWatchdogProblem":0,"emergencyLanding":0},"sequenceNumber":459,"visionFlag":1,"demo":{"controlState":"CTRL_LANDED","flyState":"FLYING_OK","batteryPercentage":70,"rotation":{"frontBack":0.603,"pitch":0.603,"theta":0.603,"y":0.603,"leftRight":0.103,"roll":0.103,"phi":0.103,"x":0.103,"clockwise":0.15,"yaw":0.15,"psi":0.15,"z":0.15},"frontBackDegrees":0.603,"leftRightDegrees":0.103,"clockwiseDegrees":0.15,"altitude":0,"altitudeMeters":0,"velocity":{"x":0,"y":0,"z":0},"xVelocity":0,"yVelocity":0,"zVelocity":0,"frameIndex":0,"detection":{"camera":{"rotation":{"m11":0,"m12":0,"m13":0,"m21":0,"m22":0,"m23":0,"m31":0,"m32":0,"m33":0},"translation":{"x":0,"y":0,"z":0},"type":3},"tagIndex":0},"drone":{"camera":{"rotation":{"m11":0.9999411106109619,"m12":-0.0026048144791275263,"m13":0.01053803414106369,"m21":0.00262376363389194,"m22":0.9999949932098389,"m23":-0.0017847450217232108,"m31":-0.010533332824707031,"m32":0.0018122891196981072,"m33":0.9999428987503052},"translation":{"x":0,"y":0,"z":-235}}}},"visionDetect":{"nbDetected":0,"type":[0,0,0,0],"xc":[0,0,0,0],"yc":[0,0,0,0],"width":[0,0,0,0],"height":[0,0,0,0],"dist":[0,0,0,0],"orientationAngle":[0,0,0,0],"rotation":[{"m11":0,"m12":0,"m13":0,"m21":0,"m22":0,"m23":0,"m31":0,"m32":0,"m33":0},{"m11":0,"m12":0,"m13":0,"m21":0,"m22":0,"m23":0,"m31":0,"m32":0,"m33":0},{"m11":0,"m12":0,"m13":0,"m21":0,"m22":0,"m23":0,"m31":0,"m32":0,"m33":0},{"m11":0,"m12":0,"m13":0,"m21":0,"m22":0,"m23":0,"m31":0,"m32":0,"m33":0}],"translation":[{"x":0,"y":0,"z":0},{"x":0,"y":0,"z":0},{"x":0,"y":0,"z":0},{"x":0,"y":0,"z":0}],"cameraSource":[0,0,0,0]}},"longitude":"-1","latitude":"-1","altitude":"-1"},"10":{"drone_data":{"header":1432778632,"droneState":{"flying":0,"videoEnabled":0,"visionEnabled":0,"controlAlgorithm":0,"altitudeControlAlgorithm":1,"startButtonState":0,"controlCommandAck":0,"cameraReady":1,"travellingEnabled":0,"usbReady":0,"navdataDemo":1,"navdataBootstrap":0,"motorProblem":0,"communicationLost":0,"softwareFault":0,"lowBattery":0,"userEmergencyLanding":0,"timerElapsed":0,"MagnometerNeedsCalibration":0,"anglesOutOfRange":0,"tooMuchWind":0,"ultrasonicSensorDeaf":0,"cutoutDetected":0,"picVersionNumberOk":1,"atCodecThreadOn":1,"navdataThreadOn":1,"videoThreadOn":1,"acquisitionThreadOn":1,"controlWatchdogDelay":0,"adcWatchdogDelay":0,"comWatchdogProblem":0,"emergencyLanding":0},"sequenceNumber":475,"visionFlag":1,"demo":{"controlState":"CTRL_LANDED","flyState":"FLYING_OK","batteryPercentage":70,"rotation":{"frontBack":0.61,"pitch":0.61,"theta":0.61,"y":0.61,"leftRight":0.113,"roll":0.113,"phi":0.113,"x":0.113,"clockwise":0.188,"yaw":0.188,"psi":0.188,"z":0.188},"frontBackDegrees":0.61,"leftRightDegrees":0.113,"clockwiseDegrees":0.188,"altitude":0,"altitudeMeters":0,"velocity":{"x":0,"y":0,"z":0},"xVelocity":0,"yVelocity":0,"zVelocity":0,"frameIndex":0,"detection":{"camera":{"rotation":{"m11":0,"m12":0,"m13":0,"m21":0,"m22":0,"m23":0,"m31":0,"m32":0,"m33":0},"translation":{"x":0,"y":0,"z":0},"type":3},"tagIndex":0},"drone":{"camera":{"rotation":{"m11":0.9999378323554993,"m12":-0.0032748032826930285,"m13":0.010654224082827568,"m21":0.00329568306915462,"m22":0.9999926686286926,"m23":-0.0019427925581112504,"m31":-0.010647783055901527,"m32":0.0019777847919613123,"m33":0.999941349029541},"translation":{"x":0,"y":0,"z":-235}}}},"visionDetect":{"nbDetected":0,"type":[0,0,0,0],"xc":[0,0,0,0],"yc":[0,0,0,0],"width":[0,0,0,0],"height":[0,0,0,0],"dist":[0,0,0,0],"orientationAngle":[0,0,0,0],"rotation":[{"m11":0,"m12":0,"m13":0,"m21":0,"m22":0,"m23":0,"m31":0,"m32":0,"m33":0},{"m11":0,"m12":0,"m13":0,"m21":0,"m22":0,"m23":0,"m31":0,"m32":0,"m33":0},{"m11":0,"m12":0,"m13":0,"m21":0,"m22":0,"m23":0,"m31":0,"m32":0,"m33":0},{"m11":0,"m12":0,"m13":0,"m21":0,"m22":0,"m23":0,"m31":0,"m32":0,"m33":0}],"translation":[{"x":0,"y":0,"z":0},{"x":0,"y":0,"z":0},{"x":0,"y":0,"z":0},{"x":0,"y":0,"z":0}],"cameraSource":[0,0,0,0]}},"longitude":"-1","latitude":"-1","altitude":"-1"},"11":{"drone_data":{"header":1432778632,"droneState":{"flying":0,"videoEnabled":0,"visionEnabled":0,"controlAlgorithm":0,"altitudeControlAlgorithm":1,"startButtonState":0,"controlCommandAck":0,"cameraReady":1,"travellingEnabled":0,"usbReady":0,"navdataDemo":1,"navdataBootstrap":0,"motorProblem":0,"communicationLost":0,"softwareFault":0,"lowBattery":0,"userEmergencyLanding":0,"timerElapsed":0,"MagnometerNeedsCalibration":0,"anglesOutOfRange":0,"tooMuchWind":0,"ultrasonicSensorDeaf":0,"cutoutDetected":0,"picVersionNumberOk":1,"atCodecThreadOn":1,"navdataThreadOn":1,"videoThreadOn":1,"acquisitionThreadOn":1,"controlWatchdogDelay":0,"adcWatchdogDelay":0,"comWatchdogProblem":0,"emergencyLanding":0},"sequenceNumber":490,"visionFlag":1,"demo":{"controlState":"CTRL_LANDED","flyState":"FLYING_OK","batteryPercentage":69,"rotation":{"frontBack":0.612,"pitch":0.612,"theta":0.612,"y":0.612,"leftRight":0.137,"roll":0.137,"phi":0.137,"x":0.137,"clockwise":0.216,"yaw":0.216,"psi":0.216,"z":0.216},"frontBackDegrees":0.612,"leftRightDegrees":0.137,"clockwiseDegrees":0.216,"altitude":0,"altitudeMeters":0,"velocity":{"x":0,"y":0,"z":0},"xVelocity":0,"yVelocity":0,"zVelocity":0,"frameIndex":0,"detection":{"camera":{"rotation":{"m11":0,"m12":0,"m13":0,"m21":0,"m22":0,"m23":0,"m31":0,"m32":0,"m33":0},"translation":{"x":0,"y":0,"z":0},"type":3},"tagIndex":0},"drone":{"camera":{"rotation":{"m11":0.9999357461929321,"m12":-0.0037504311185330153,"m13":0.010697401128709316,"m21":0.0037758105900138617,"m22":0.9999901056289673,"m23":-0.002353276126086712,"m31":-0.010688469745218754,"m32":0.00239351624622941,"m33":0.999940037727356},"translation":{"x":0,"y":0,"z":-235}}}},"visionDetect":{"nbDetected":0,"type":[0,0,0,0],"xc":[0,0,0,0],"yc":[0,0,0,0],"width":[0,0,0,0],"height":[0,0,0,0],"dist":[0,0,0,0],"orientationAngle":[0,0,0,0],"rotation":[{"m11":0,"m12":0,"m13":0,"m21":0,"m22":0,"m23":0,"m31":0,"m32":0,"m33":0},{"m11":0,"m12":0,"m13":0,"m21":0,"m22":0,"m23":0,"m31":0,"m32":0,"m33":0},{"m11":0,"m12":0,"m13":0,"m21":0,"m22":0,"m23":0,"m31":0,"m32":0,"m33":0},{"m11":0,"m12":0,"m13":0,"m21":0,"m22":0,"m23":0,"m31":0,"m32":0,"m33":0}],"translation":[{"x":0,"y":0,"z":0},{"x":0,"y":0,"z":0},{"x":0,"y":0,"z":0},{"x":0,"y":0,"z":0}],"cameraSource":[0,0,0,0]}},"longitude":"-1","latitude":"-1","altitude":"-1"},"12":{"drone_data":{"header":1432778632,"droneState":{"flying":0,"videoEnabled":0,"visionEnabled":0,"controlAlgorithm":0,"altitudeControlAlgorithm":1,"startButtonState":0,"controlCommandAck":0,"cameraReady":1,"travellingEnabled":0,"usbReady":0,"navdataDemo":1,"navdataBootstrap":0,"motorProblem":0,"communicationLost":0,"softwareFault":0,"lowBattery":0,"userEmergencyLanding":0,"timerElapsed":0,"MagnometerNeedsCalibration":0,"anglesOutOfRange":0,"tooMuchWind":0,"ultrasonicSensorDeaf":0,"cutoutDetected":0,"picVersionNumberOk":1,"atCodecThreadOn":1,"navdataThreadOn":1,"videoThreadOn":1,"acquisitionThreadOn":1,"controlWatchdogDelay":0,"adcWatchdogDelay":0,"comWatchdogProblem":0,"emergencyLanding":0},"sequenceNumber":505,"visionFlag":1,"demo":{"controlState":"CTRL_LANDED","flyState":"FLYING_OK","batteryPercentage":69,"rotation":{"frontBack":0.617,"pitch":0.617,"theta":0.617,"y":0.617,"leftRight":0.147,"roll":0.147,"phi":0.147,"x":0.147,"clockwise":0.256,"yaw":0.256,"psi":0.256,"z":0.256},"frontBackDegrees":0.617,"leftRightDegrees":0.147,"clockwiseDegrees":0.256,"altitude":0,"altitudeMeters":0,"velocity":{"x":0,"y":0,"z":0},"xVelocity":0,"yVelocity":0,"zVelocity":0,"frameIndex":0,"detection":{"camera":{"rotation":{"m11":0,"m12":0,"m13":0,"m21":0,"m22":0,"m23":0,"m31":0,"m32":0,"m33":0},"translation":{"x":0,"y":0,"z":0},"type":3},"tagIndex":0},"drone":{"camera":{"rotation":{"m11":0.9999319314956665,"m12":-0.00444159796461463,"m13":0.010784506797790527,"m21":0.004469091538339853,"m22":0.9999867677688599,"m23":-0.00252657663077116,"m31":-0.01077314279973507,"m32":0.002574601676315069,"m33":0.9999386072158813},"translation":{"x":0,"y":0,"z":-235}}}},"visionDetect":{"nbDetected":0,"type":[0,0,0,0],"xc":[0,0,0,0],"yc":[0,0,0,0],"width":[0,0,0,0],"height":[0,0,0,0],"dist":[0,0,0,0],"orientationAngle":[0,0,0,0],"rotation":[{"m11":0,"m12":0,"m13":0,"m21":0,"m22":0,"m23":0,"m31":0,"m32":0,"m33":0},{"m11":0,"m12":0,"m13":0,"m21":0,"m22":0,"m23":0,"m31":0,"m32":0,"m33":0},{"m11":0,"m12":0,"m13":0,"m21":0,"m22":0,"m23":0,"m31":0,"m32":0,"m33":0},{"m11":0,"m12":0,"m13":0,"m21":0,"m22":0,"m23":0,"m31":0,"m32":0,"m33":0}],"translation":[{"x":0,"y":0,"z":0},{"x":0,"y":0,"z":0},{"x":0,"y":0,"z":0},{"x":0,"y":0,"z":0}],"cameraSource":[0,0,0,0]}},"longitude":"-1","latitude":"-1","altitude":"-1"},"14":{"drone_data":{"header":1432778632,"droneState":{"flying":0,"videoEnabled":0,"visionEnabled":0,"controlAlgorithm":0,"altitudeControlAlgorithm":1,"startButtonState":0,"controlCommandAck":0,"cameraReady":1,"travellingEnabled":0,"usbReady":0,"navdataDemo":1,"navdataBootstrap":0,"motorProblem":0,"communicationLost":0,"softwareFault":0,"lowBattery":0,"userEmergencyLanding":0,"timerElapsed":0,"MagnometerNeedsCalibration":0,"anglesOutOfRange":0,"tooMuchWind":0,"ultrasonicSensorDeaf":0,"cutoutDetected":0,"picVersionNumberOk":1,"atCodecThreadOn":1,"navdataThreadOn":1,"videoThreadOn":1,"acquisitionThreadOn":1,"controlWatchdogDelay":0,"adcWatchdogDelay":0,"comWatchdogProblem":0,"emergencyLanding":0},"sequenceNumber":536,"visionFlag":1,"demo":{"controlState":"CTRL_LANDED","flyState":"FLYING_OK","batteryPercentage":69,"rotation":{"frontBack":0.615,"pitch":0.615,"theta":0.615,"y":0.615,"leftRight":0.155,"roll":0.155,"phi":0.155,"x":0.155,"clockwise":0.325,"yaw":0.325,"psi":0.325,"z":0.325},"frontBackDegrees":0.615,"leftRightDegrees":0.155,"clockwiseDegrees":0.325,"altitude":0,"altitudeMeters":0,"velocity":{"x":0,"y":0,"z":0},"xVelocity":0,"yVelocity":0,"zVelocity":0,"frameIndex":0,"detection":{"camera":{"rotation":{"m11":0,"m12":0,"m13":0,"m21":0,"m22":0,"m23":0,"m31":0,"m32":0,"m33":0},"translation":{"x":0,"y":0,"z":0},"type":3},"tagIndex":0},"drone":{"camera":{"rotation":{"m11":0.9999260902404785,"m12":-0.005643676966428757,"m13":0.010765112936496735,"m21":0.005672541446983814,"m22":0.9999803900718689,"m23":-0.0026526583824306726,"m31":-0.010749930515885353,"m32":0.002713527763262391,"m33":0.9999385476112366},"translation":{"x":0,"y":0,"z":-235}}}},"visionDetect":{"nbDetected":0,"type":[0,0,0,0],"xc":[0,0,0,0],"yc":[0,0,0,0],"width":[0,0,0,0],"height":[0,0,0,0],"dist":[0,0,0,0],"orientationAngle":[0,0,0,0],"rotation":[{"m11":0,"m12":0,"m13":0,"m21":0,"m22":0,"m23":0,"m31":0,"m32":0,"m33":0},{"m11":0,"m12":0,"m13":0,"m21":0,"m22":0,"m23":0,"m31":0,"m32":0,"m33":0},{"m11":0,"m12":0,"m13":0,"m21":0,"m22":0,"m23":0,"m31":0,"m32":0,"m33":0},{"m11":0,"m12":0,"m13":0,"m21":0,"m22":0,"m23":0,"m31":0,"m32":0,"m33":0}],"translation":[{"x":0,"y":0,"z":0},{"x":0,"y":0,"z":0},{"x":0,"y":0,"z":0},{"x":0,"y":0,"z":0}],"cameraSource":[0,0,0,0]}},"longitude":"-1","latitude":"-1","altitude":"-1"},"15":{"drone_data":{"header":1432778632,"droneState":{"flying":0,"videoEnabled":0,"visionEnabled":0,"controlAlgorithm":0,"altitudeControlAlgorithm":1,"startButtonState":0,"controlCommandAck":0,"cameraReady":1,"travellingEnabled":0,"usbReady":0,"navdataDemo":1,"navdataBootstrap":0,"motorProblem":0,"communicationLost":0,"softwareFault":0,"lowBattery":0,"userEmergencyLanding":0,"timerElapsed":0,"MagnometerNeedsCalibration":0,"anglesOutOfRange":0,"tooMuchWind":0,"ultrasonicSensorDeaf":0,"cutoutDetected":0,"picVersionNumberOk":1,"atCodecThreadOn":1,"navdataThreadOn":1,"videoThreadOn":1,"acquisitionThreadOn":1,"controlWatchdogDelay":0,"adcWatchdogDelay":0,"comWatchdogProblem":0,"emergencyLanding":0},"sequenceNumber":551,"visionFlag":1,"demo":{"controlState":"CTRL_LANDED","flyState":"FLYING_OK","batteryPercentage":70,"rotation":{"frontBack":0.609,"pitch":0.609,"theta":0.609,"y":0.609,"leftRight":0.16,"roll":0.16,"phi":0.16,"x":0.16,"clockwise":0.367,"yaw":0.367,"psi":0.367,"z":0.367},"frontBackDegrees":0.609,"leftRightDegrees":0.16,"clockwiseDegrees":0.367,"altitude":0,"altitudeMeters":0,"velocity":{"x":0,"y":0,"z":0},"xVelocity":0,"yVelocity":0,"zVelocity":0,"frameIndex":0,"detection":{"camera":{"rotation":{"m11":0,"m12":0,"m13":0,"m21":0,"m22":0,"m23":0,"m31":0,"m32":0,"m33":0},"translation":{"x":0,"y":0,"z":0},"type":3},"tagIndex":0},"drone":{"camera":{"rotation":{"m11":0.9999228119850159,"m12":-0.006376743782311678,"m13":0.010659271851181984,"m21":0.006406144704669714,"m22":0.9999757409095764,"m23":-0.0027263460215181112,"m31":-0.010641628876328468,"m32":0.0027944205794483423,"m33":0.9999394416809082},"translation":{"x":0,"y":0,"z":-235}}}},"visionDetect":{"nbDetected":0,"type":[0,0,0,0],"xc":[0,0,0,0],"yc":[0,0,0,0],"width":[0,0,0,0],"height":[0,0,0,0],"dist":[0,0,0,0],"orientationAngle":[0,0,0,0],"rotation":[{"m11":0,"m12":0,"m13":0,"m21":0,"m22":0,"m23":0,"m31":0,"m32":0,"m33":0},{"m11":0,"m12":0,"m13":0,"m21":0,"m22":0,"m23":0,"m31":0,"m32":0,"m33":0},{"m11":0,"m12":0,"m13":0,"m21":0,"m22":0,"m23":0,"m31":0,"m32":0,"m33":0},{"m11":0,"m12":0,"m13":0,"m21":0,"m22":0,"m23":0,"m31":0,"m32":0,"m33":0}],"translation":[{"x":0,"y":0,"z":0},{"x":0,"y":0,"z":0},{"x":0,"y":0,"z":0},{"x":0,"y":0,"z":0}],"cameraSource":[0,0,0,0]}},"longitude":"-1","latitude":"-1","altitude":"-1"},"17":{"drone_data":{"header":1432778632,"droneState":{"flying":0,"videoEnabled":0,"visionEnabled":0,"controlAlgorithm":0,"altitudeControlAlgorithm":1,"startButtonState":0,"controlCommandAck":0,"cameraReady":1,"travellingEnabled":0,"usbReady":0,"navdataDemo":1,"navdataBootstrap":0,"motorProblem":0,"communicationLost":0,"softwareFault":0,"lowBattery":0,"userEmergencyLanding":0,"timerElapsed":0,"MagnometerNeedsCalibration":0,"anglesOutOfRange":0,"tooMuchWind":0,"ultrasonicSensorDeaf":0,"cutoutDetected":0,"picVersionNumberOk":1,"atCodecThreadOn":1,"navdataThreadOn":1,"videoThreadOn":1,"acquisitionThreadOn":1,"controlWatchdogDelay":0,"adcWatchdogDelay":0,"comWatchdogProblem":0,"emergencyLanding":0},"sequenceNumber":582,"visionFlag":1,"demo":{"controlState":"CTRL_LANDED","flyState":"FLYING_OK","batteryPercentage":70,"rotation":{"frontBack":0.602,"pitch":0.602,"theta":0.602,"y":0.602,"leftRight":0.167,"roll":0.167,"phi":0.167,"x":0.167,"clockwise":0.447,"yaw":0.447,"psi":0.447,"z":0.447},"frontBackDegrees":0.602,"leftRightDegrees":0.167,"clockwiseDegrees":0.447,"altitude":0,"altitudeMeters":0,"velocity":{"x":0,"y":0,"z":0},"xVelocity":0,"yVelocity":0,"zVelocity":0,"frameIndex":0,"detection":{"camera":{"rotation":{"m11":0,"m12":0,"m13":0,"m21":0,"m22":0,"m23":0,"m31":0,"m32":0,"m33":0},"translation":{"x":0,"y":0,"z":0},"type":3},"tagIndex":0},"drone":{"camera":{"rotation":{"m11":0.9999141693115234,"m12":-0.007781565189361572,"m13":0.010537778958678246,"m21":0.007811920717358589,"m22":0.9999654293060303,"m23":-0.0028425429482012987,"m31":-0.010515294969081879,"m32":0.0029246194753795862,"m33":0.9999403953552246},"translation":{"x":0,"y":0,"z":-235}}}},"visionDetect":{"nbDetected":0,"type":[0,0,0,0],"xc":[0,0,0,0],"yc":[0,0,0,0],"width":[0,0,0,0],"height":[0,0,0,0],"dist":[0,0,0,0],"orientationAngle":[0,0,0,0],"rotation":[{"m11":0,"m12":0,"m13":0,"m21":0,"m22":0,"m23":0,"m31":0,"m32":0,"m33":0},{"m11":0,"m12":0,"m13":0,"m21":0,"m22":0,"m23":0,"m31":0,"m32":0,"m33":0},{"m11":0,"m12":0,"m13":0,"m21":0,"m22":0,"m23":0,"m31":0,"m32":0,"m33":0},{"m11":0,"m12":0,"m13":0,"m21":0,"m22":0,"m23":0,"m31":0,"m32":0,"m33":0}],"translation":[{"x":0,"y":0,"z":0},{"x":0,"y":0,"z":0},{"x":0,"y":0,"z":0},{"x":0,"y":0,"z":0}],"cameraSource":[0,0,0,0]}},"longitude":"-1","latitude":"-1","altitude":"-1"},"18":{"drone_data":{"header":1432778632,"droneState":{"flying":0,"videoEnabled":0,"visionEnabled":0,"controlAlgorithm":0,"altitudeControlAlgorithm":1,"startButtonState":0,"controlCommandAck":0,"cameraReady":1,"travellingEnabled":0,"usbReady":0,"navdataDemo":1,"navdataBootstrap":0,"motorProblem":0,"communicationLost":0,"softwareFault":0,"lowBattery":0,"userEmergencyLanding":0,"timerElapsed":0,"MagnometerNeedsCalibration":0,"anglesOutOfRange":0,"tooMuchWind":0,"ultrasonicSensorDeaf":0,"cutoutDetected":0,"picVersionNumberOk":1,"atCodecThreadOn":1,"navdataThreadOn":1,"videoThreadOn":1,"acquisitionThreadOn":1,"controlWatchdogDelay":0,"adcWatchdogDelay":0,"comWatchdogProblem":0,"emergencyLanding":0},"sequenceNumber":597,"visionFlag":1,"demo":{"controlState":"CTRL_LANDED","flyState":"FLYING_OK","batteryPercentage":71,"rotation":{"frontBack":0.604,"pitch":0.604,"theta":0.604,"y":0.604,"leftRight":0.183,"roll":0.183,"phi":0.183,"x":0.183,"clockwise":0.489,"yaw":0.489,"psi":0.489,"z":0.489},"frontBackDegrees":0.604,"leftRightDegrees":0.183,"clockwiseDegrees":0.489,"altitude":0,"altitudeMeters":0,"velocity":{"x":0,"y":0,"z":0},"xVelocity":0,"yVelocity":0,"zVelocity":0,"frameIndex":0,"detection":{"camera":{"rotation":{"m11":0,"m12":0,"m13":0,"m21":0,"m22":0,"m23":0,"m31":0,"m32":0,"m33":0},"translation":{"x":0,"y":0,"z":0},"type":3},"tagIndex":0},"drone":{"camera":{"rotation":{"m11":0.9999077916145325,"m12":-0.00850821565836668,"m13":0.010583740659058094,"m21":0.008541624061763287,"m22":0.9999586343765259,"m23":-0.0031154402531683445,"m31":-0.010556795634329319,"m32":0.0032055554911494255,"m33":0.9999391436576843},"translation":{"x":0,"y":0,"z":-235}}}},"visionDetect":{"nbDetected":0,"type":[0,0,0,0],"xc":[0,0,0,0],"yc":[0,0,0,0],"width":[0,0,0,0],"height":[0,0,0,0],"dist":[0,0,0,0],"orientationAngle":[0,0,0,0],"rotation":[{"m11":0,"m12":0,"m13":0,"m21":0,"m22":0,"m23":0,"m31":0,"m32":0,"m33":0},{"m11":0,"m12":0,"m13":0,"m21":0,"m22":0,"m23":0,"m31":0,"m32":0,"m33":0},{"m11":0,"m12":0,"m13":0,"m21":0,"m22":0,"m23":0,"m31":0,"m32":0,"m33":0},{"m11":0,"m12":0,"m13":0,"m21":0,"m22":0,"m23":0,"m31":0,"m32":0,"m33":0}],"translation":[{"x":0,"y":0,"z":0},{"x":0,"y":0,"z":0},{"x":0,"y":0,"z":0},{"x":0,"y":0,"z":0}],"cameraSource":[0,0,0,0]}},"longitude":"-1","latitude":"-1","altitude":"-1"},"0.5":{"drone_data":{"header":1432778632,"droneState":{"flying":0,"videoEnabled":0,"visionEnabled":0,"controlAlgorithm":0,"altitudeControlAlgorithm":1,"startButtonState":0,"controlCommandAck":1,"cameraReady":1,"travellingEnabled":0,"usbReady":0,"navdataDemo":1,"navdataBootstrap":0,"motorProblem":0,"communicationLost":0,"softwareFault":0,"lowBattery":0,"userEmergencyLanding":0,"timerElapsed":0,"MagnometerNeedsCalibration":0,"anglesOutOfRange":0,"tooMuchWind":0,"ultrasonicSensorDeaf":0,"cutoutDetected":0,"picVersionNumberOk":1,"atCodecThreadOn":1,"navdataThreadOn":1,"videoThreadOn":1,"acquisitionThreadOn":1,"controlWatchdogDelay":0,"adcWatchdogDelay":0,"comWatchdogProblem":0,"emergencyLanding":0},"sequenceNumber":321,"visionFlag":1,"demo":{"controlState":"CTRL_LANDED","flyState":"FLYING_OK","batteryPercentage":70,"rotation":{"frontBack":0.62,"pitch":0.62,"theta":0.62,"y":0.62,"leftRight":-0.022,"roll":-0.022,"phi":-0.022,"x":-0.022,"clockwise":-0.12,"yaw":-0.12,"psi":-0.12,"z":-0.12},"frontBackDegrees":0.62,"leftRightDegrees":-0.022,"clockwiseDegrees":-0.12,"altitude":0,"altitudeMeters":0,"velocity":{"x":0,"y":0,"z":0},"xVelocity":0,"yVelocity":0,"zVelocity":0,"frameIndex":0,"detection":{"camera":{"rotation":{"m11":0,"m12":0,"m13":0,"m21":0,"m22":0,"m23":0,"m31":0,"m32":0,"m33":0},"translation":{"x":0,"y":0,"z":0},"type":3},"tagIndex":0},"drone":{"camera":{"rotation":{"m11":0.9999392032623291,"m12":0.0021000064443796873,"m13":0.010822881013154984,"m21":-0.0021041559521108866,"m22":0.9999977350234985,"m23":0.00037201508530415595,"m31":-0.010822074487805367,"m32":-0.00039476549136452377,"m33":0.999941349029541},"translation":{"x":0,"y":0,"z":-235}}}},"visionDetect":{"nbDetected":0,"type":[0,0,0,0],"xc":[0,0,0,0],"yc":[0,0,0,0],"width":[0,0,0,0],"height":[0,0,0,0],"dist":[0,0,0,0],"orientationAngle":[0,0,0,0],"rotation":[{"m11":0,"m12":0,"m13":0,"m21":0,"m22":0,"m23":0,"m31":0,"m32":0,"m33":0},{"m11":0,"m12":0,"m13":0,"m21":0,"m22":0,"m23":0,"m31":0,"m32":0,"m33":0},{"m11":0,"m12":0,"m13":0,"m21":0,"m22":0,"m23":0,"m31":0,"m32":0,"m33":0},{"m11":0,"m12":0,"m13":0,"m21":0,"m22":0,"m23":0,"m31":0,"m32":0,"m33":0}],"translation":[{"x":0,"y":0,"z":0},{"x":0,"y":0,"z":0},{"x":0,"y":0,"z":0},{"x":0,"y":0,"z":0}],"cameraSource":[0,0,0,0]}},"longitude":"-1","latitude":"-1","altitude":"-1"},"3.5":{"drone_data":{"header":1432778632,"droneState":{"flying":0,"videoEnabled":0,"visionEnabled":0,"controlAlgorithm":0,"altitudeControlAlgorithm":1,"startButtonState":0,"controlCommandAck":0,"cameraReady":1,"travellingEnabled":0,"usbReady":0,"navdataDemo":1,"navdataBootstrap":0,"motorProblem":0,"communicationLost":0,"softwareFault":0,"lowBattery":0,"userEmergencyLanding":0,"timerElapsed":0,"MagnometerNeedsCalibration":0,"anglesOutOfRange":0,"tooMuchWind":0,"ultrasonicSensorDeaf":0,"cutoutDetected":0,"picVersionNumberOk":1,"atCodecThreadOn":1,"navdataThreadOn":1,"videoThreadOn":1,"acquisitionThreadOn":1,"controlWatchdogDelay":0,"adcWatchdogDelay":0,"comWatchdogProblem":0,"emergencyLanding":0},"sequenceNumber":368,"visionFlag":1,"demo":{"controlState":"CTRL_LANDED","flyState":"FLYING_OK","batteryPercentage":70,"rotation":{"frontBack":0.59,"pitch":0.59,"theta":0.59,"y":0.59,"leftRight":0.01,"roll":0.01,"phi":0.01,"x":0.01,"clockwise":-0.038,"yaw":-0.038,"psi":-0.038,"z":-0.038},"frontBackDegrees":0.59,"leftRightDegrees":0.01,"clockwiseDegrees":-0.038,"altitude":0,"altitudeMeters":0,"velocity":{"x":0,"y":0,"z":0},"xVelocity":0,"yVelocity":0,"zVelocity":0,"frameIndex":0,"detection":{"camera":{"rotation":{"m11":0,"m12":0,"m13":0,"m21":0,"m22":0,"m23":0,"m31":0,"m32":0,"m33":0},"translation":{"x":0,"y":0,"z":0},"type":3},"tagIndex":0},"drone":{"camera":{"rotation":{"m11":0.9999467134475708,"m12":0.0006743897101841867,"m13":0.010297926142811775,"m21":-0.0006724533741362393,"m22":0.9999997615814209,"m23":-0.000191497165360488,"m31":-0.010298052802681923,"m32":0.0001845621009124443,"m33":0.9999469518661499},"translation":{"x":0,"y":0,"z":-235}}}},"visionDetect":{"nbDetected":0,"type":[0,0,0,0],"xc":[0,0,0,0],"yc":[0,0,0,0],"width":[0,0,0,0],"height":[0,0,0,0],"dist":[0,0,0,0],"orientationAngle":[0,0,0,0],"rotation":[{"m11":0,"m12":0,"m13":0,"m21":0,"m22":0,"m23":0,"m31":0,"m32":0,"m33":0},{"m11":0,"m12":0,"m13":0,"m21":0,"m22":0,"m23":0,"m31":0,"m32":0,"m33":0},{"m11":0,"m12":0,"m13":0,"m21":0,"m22":0,"m23":0,"m31":0,"m32":0,"m33":0},{"m11":0,"m12":0,"m13":0,"m21":0,"m22":0,"m23":0,"m31":0,"m32":0,"m33":0}],"translation":[{"x":0,"y":0,"z":0},{"x":0,"y":0,"z":0},{"x":0,"y":0,"z":0},{"x":0,"y":0,"z":0}],"cameraSource":[0,0,0,0]}},"longitude":"-1","latitude":"-1","altitude":"-1"},"6.5":{"drone_data":{"header":1432778632,"droneState":{"flying":0,"videoEnabled":0,"visionEnabled":0,"controlAlgorithm":0,"altitudeControlAlgorithm":1,"startButtonState":0,"controlCommandAck":0,"cameraReady":1,"travellingEnabled":0,"usbReady":0,"navdataDemo":1,"navdataBootstrap":0,"motorProblem":0,"communicationLost":0,"softwareFault":0,"lowBattery":0,"userEmergencyLanding":0,"timerElapsed":0,"MagnometerNeedsCalibration":0,"anglesOutOfRange":0,"tooMuchWind":0,"ultrasonicSensorDeaf":0,"cutoutDetected":0,"picVersionNumberOk":1,"atCodecThreadOn":1,"navdataThreadOn":1,"videoThreadOn":1,"acquisitionThreadOn":1,"controlWatchdogDelay":0,"adcWatchdogDelay":0,"comWatchdogProblem":0,"emergencyLanding":0},"sequenceNumbe