[[{"time":1},{"header":1432778632,"droneState":{"flying":1,"videoEnabled":0,"visionEnabled":1,"controlAlgorithm":0,"altitudeControlAlgorithm":1,"startButtonState":1,"controlCommandAck":0,"cameraReady":1,"travellingEnabled":0,"usbReady":0,"navdataDemo":1,"navdataBootstrap":0,"motorProblem":0,"communicationLost":0,"softwareFault":0,"lowBattery":0,"userEmergencyLanding":0,"timerElapsed":0,"MagnometerNeedsCalibration":0,"anglesOutOfRange":0,"tooMuchWind":0,"ultrasonicSensorDeaf":0,"cutoutDetected":0,"picVersionNumberOk":1,"atCodecThreadOn":1,"navdataThreadOn":1,"videoThreadOn":1,"acquisitionThreadOn":1,"controlWatchdogDelay":0,"adcWatchdogDelay":0,"comWatchdogProblem":0,"emergencyLanding":0},"sequenceNumber":9924,"visionFlag":1,"demo":{"controlState":"CTRL_TRANS_GOTOFIX","flyState":"FLYING_OK","batteryPercentage":100,"rotation":{"frontBack":0.116,"pitch":0.116,"theta":0.116,"y":0.116,"leftRight":-1.179,"roll":-1.179,"phi":-1.179,"x":-1.179,"clockwise":147.135,"yaw":147.135,"psi":147.135,"z":147.135},"frontBackDegrees":0.116,"leftRightDegrees":-1.179,"clockwiseDegrees":147.135,"altitude":0,"altitudeMeters":0,"velocity":{"x":-0.8745636343955994,"y":-9.778351783752441,"z":0},"xVelocity":-0.8745636343955994,"yVelocity":-9.778351783752441,"zVelocity":0,"frameIndex":0,"detection":{"camera":{"rotation":{"m11":0,"m12":0,"m13":0,"m21":0,"m22":0,"m23":0,"m31":0,"m32":0,"m33":0},"translation":{"x":0,"y":0,"z":0},"type":3},"tagIndex":0},"drone":{"camera":{"rotation":{"m11":0.9196309447288513,"m12":-0.3927343487739563,"m13":-0.0062182592228055,"m21":0.39277833700180054,"m22":0.9194215536117554,"m23":0.01972675509750843,"m31":-0.0020301726181060076,"m32":-0.020583732053637505,"m33":0.9997860789299011},"translation":{"x":6.156588554382324,"y":6.699121952056885,"z":0}}}},"visionDetect":{"nbDetected":0,"type":[0,0,0,0],"xc":[0,0,0,0],"yc":[0,0,0,0],"width":[0,0,0,0],"height":[0,0,0,0],"dist":[0,0,0,0],"orientationAngle":[0,0,0,0],"rotation":[{"m11":0,"m12":0,"m13":0,"m21":0,"m22":0,"m23":0,"m31":0,"m32":0,"m33":0},{"m11":0,"m12":0,"m13":0,"m21":0,"m22":0,"m23":0,"m31":0,"m32":0,"m33":0},{"m11":0,"m12":0,"m13":0,"m21":0,"m22":0,"m23":0,"m31":0,"m32":0,"m33":0},{"m11":0,"m12":0,"m13":0,"m21":0,"m22":0,"m23":0,"m31":0,"m32":0,"m33":0}],"translation":[{"x":0,"y":0,"z":0},{"x":0,"y":0,"z":0},{"x":0,"y":0,"z":0},{"x":0,"y":0,"z":0}],"cameraSource":[0,0,0,0]}}],[{"time":2},{"header":1432778632,"droneState":{"flying":1,"videoEnabled":0,"visionEnabled":1,"controlAlgorithm":0,"altitudeControlAlgorithm":1,"startButtonState":1,"controlCommandAck":0,"cameraReady":1,"travellingEnabled":0,"usbReady":0,"navdataDemo":1,"navdataBootstrap":0,"motorProblem":0,"communicationLost":0,"softwareFault":0,"lowBattery":0,"userEmergencyLanding":0,"timerElapsed":0,"MagnometerNeedsCalibration":0,"anglesOutOfRange":0,"tooMuchWind":0,"ultrasonicSensorDeaf":0,"cutoutDetected":0,"picVersionNumberOk":1,"atCodecThreadOn":1,"navdataThreadOn":1,"videoThreadOn":1,"acquisitionThreadOn":1,"controlWatchdogDelay":0,"adcWatchdogDelay":0,"comWatchdogProblem":0,"emergencyLanding":0},"sequenceNumber":9941,"visionFlag":1,"demo":{"controlState":"CTRL_TRANS_GOTOFIX","flyState":"FLYING_OK","batteryPercentage":100,"rotation":{"frontBack":0.055,"pitch":0.055,"theta":0.055,"y":0.055,"leftRight":-0.834,"roll":-0.834,"phi":-0.834,"x":-0.834,"clockwise":147.219,"yaw":147.219,"psi":147.219,"z":147.219},"frontBackDegrees":0.055,"leftRightDegrees":-0.834,"clockwiseDegrees":147.219,"altitude":0,"altitudeMeters":0,"velocity":{"x":-0.9069085717201233,"y":-7.12999153137207,"z":0},"xVelocity":-0.9069085717201233,"yVelocity":-7.12999153137207,"zVelocity":0,"frameIndex":0,"detection":{"camera":{"rotation":{"m11":0,"m12":0,"m13":0,"m21":0,"m22":0,"m23":0,"m31":0,"m32":0,"m33":0},"translation":{"x":0,"y":0,"z":0},"type":3},"tagIndex":0},"drone":{"camera":{"rotation":{"m11":0.9190553426742554,"m12":-0.394098699092865,"m13":-0.004843124188482761,"m21":0.3941272497177124,"m22":0.9189527034759521,"m23":0.013771917670965195,"m31":-0.0009768930030986667,"m32":-0.014565961435437202,"m33":0.9998934268951416},"translation":{"x":11.595939636230469,"y":13.99918270111084,"z":0}}}},"visionDetect":{"nbDetected":0,"type":[0,0,0,0],"xc":[0,0,0,0],"yc":[0,0,0,0],"width":[0,0,0,0],"height":[0,0,0,0],"dist":[0,0,0,0],"orientationAngle":[0,0,0,0],"rotation":[{"m11":0,"m12":0,"m13":0,"m21":0,"m22":0,"m23":0,"m31":0,"m32":0,"m33":0},{"m11":0,"m12":0,"m13":0,"m21":0,"m22":0,"m23":0,"m31":0,"m32":0,"m33":0},{"m11":0,"m12":0,"m13":0,"m21":0,"m22":0,"m23":0,"m31":0,"m32":0,"m33":0},{"m11":0,"m12":0,"m13":0,"m21":0,"m22":0,"m23":0,"m31":0,"m32":0,"m33":0}],"translation":[{"x":0,"y":0,"z":0},{"x":0,"y":0,"z":0},{"x":0,"y":0,"z":0},{"x":0,"y":0,"z":0}],"cameraSource":[0,0,0,0]}}],[{"time":3},{"header":1432778632,"droneState":{"flying":1,"videoEnabled":0,"visionEnabled":1,"controlAlgorithm":0,"altitudeControlAlgorithm":1,"startButtonState":1,"controlCommandAck":0,"cameraReady":1,"travellingEnabled":0,"usbReady":0,"navdataDemo":1,"navdataBootstrap":0,"motorProblem":0,"communicationLost":0,"softwareFault":0,"lowBattery":0,"userEmergencyLanding":0,"timerElapsed":0,"MagnometerNeedsCalibration":0,"anglesOutOfRange":0,"tooMuchWind":0,"ultrasonicSensorDeaf":0,"cutoutDetected":0,"picVersionNumberOk":1,"atCodecThreadOn":1,"navdataThreadOn":1,"videoThreadOn":1,"acquisitionThreadOn":1,"controlWatchdogDelay":0,"adcWatchdogDelay":0,"comWatchdogProblem":0,"emergencyLanding":0},"sequenceNumber":9956,"visionFlag":1,"demo":{"controlState":"CTRL_TRANS_GOTOFIX","flyState":"FLYING_OK","batteryPercentage":100,"rotation":{"frontBack":2.416,"pitch":2.416,"theta":2.416,"y":2.416,"leftRight":3.023,"roll":3.023,"phi":3.023,"x":3.023,"clockwise":146.213,"yaw":146.213,"psi":146.213,"z":146.213},"frontBackDegrees":2.416,"leftRightDegrees":3.023,"clockwiseDegrees":146.213,"altitude":0,"altitudeMeters":0,"velocity":{"x":-18.212371826171875,"y":20.436975479125977,"z":0},"xVelocity":-18.212371826171875,"yVelocity":20.436975479125977,"zVelocity":0,"frameIndex":0,"detection":{"camera":{"rotation":{"m11":0,"m12":0,"m13":0,"m21":0,"m22":0,"m23":0,"m31":0,"m32":0,"m33":0},"translation":{"x":0,"y":0,"z":0},"type":3},"tagIndex":0},"drone":{"camera":{"rotation":{"m11":0.9250133633613586,"m12":-0.37533748149871826,"m13":0.05892432481050491,"m21":0.37758713960647583,"m22":0.925388514995575,"m23":-0.0329265296459198,"m31":-0.04216933250427246,"m32":0.05270654708147049,"m33":0.9977192878723145},"translation":{"x":15.352116584777832,"y":11.678561210632324,"z":-236}}}},"visionDetect":{"nbDetected":0,"type":[0,0,0,0],"xc":[0,0,0,0],"yc":[0,0,0,0],"width":[0,0,0,0],"height":[0,0,0,0],"dist":[0,0,0,0],"orientationAngle":[0,0,0,0],"rotation":[{"m11":0,"m12":0,"m13":0,"m21":0,"m22":0,"m23":0,"m31":0,"m32":0,"m33":0},{"m11":0,"m12":0,"m13":0,"m21":0,"m22":0,"m23":0,"m31":0,"m32":0,"m33":0},{"m11":0,"m12":0,"m13":0,"m21":0,"m22":0,"m23":0,"m31":0,"m32":0,"m33":0},{"m11":0,"m12":0,"m13":0,"m21":0,"m22":0,"m23":0,"m31":0,"m32":0,"m33":0}],"translation":[{"x":0,"y":0,"z":0},{"x":0,"y":0,"z":0},{"x":0,"y":0,"z":0},{"x":0,"y":0,"z":0}],"cameraSource":[0,0,0,0]}}],[{"time":4},{"header":1432778632,"droneState":{"flying":1,"videoEnabled":0,"visionEnabled":1,"controlAlgorithm":0,"altitudeControlAlgorithm":1,"startButtonState":1,"controlCommandAck":0,"cameraReady":1,"travellingEnabled":0,"usbReady":0,"navdataDemo":1,"navdataBootstrap":0,"motorProblem":0,"communicationLost":0,"softwareFault":0,"lowBattery":0,"userEmergencyLanding":0,"timerElapsed":0,"MagnometerNeedsCalibration":0,"anglesOutOfRange":0,"tooMuchWind":0,"ultrasonicSensorDeaf":0,"cutoutDetected":0,"picVersionNumberOk":1,"atCodecThreadOn":1,"navdataThreadOn":1,"videoThreadOn":1,"acquisitionThreadOn":1,"controlWatchdogDelay":0,"adcWatchdogDelay":0,"comWatchdogProblem":0,"emergencyLanding":0},"sequenceNumber":9972,"visionFlag":1,"demo":{"controlState":"CTRL_TRANS_GOTOFIX","flyState":"FLYING_LOST_ALT","batteryPercentage":100,"rotation":{"frontBack":2.114,"pitch":2.114,"theta":2.114,"y":2.114,"leftRight":-7.206,"roll":-7.206,"phi":-7.206,"x":-7.206,"clockwise":140.428,"yaw":140.428,"psi":140.428,"z":140.428},"frontBackDegrees":2.114,"leftRightDegrees":-7.206,"clockwiseDegrees":140.428,"altitude":0.859,"altitudeMeters":0.859,"velocity":{"x":101.43669891357422,"y":236.43557739257812,"z":0},"xVelocity":101.43669891357422,"yVelocity":236.43557739257812,"zVelocity":0,"frameIndex":0,"detection":{"camera":{"rotation":{"m11":0,"m12":0,"m13":0,"m21":0,"m22":0,"m23":0,"m31":0,"m32":0,"m33":0},"translation":{"x":0,"y":0,"z":0},"type":3},"tagIndex":0},"drone":{"camera":{"rotation":{"m11":0.9333849549293518,"m12":-0.3587195575237274,"m13":-0.01062092650681734,"m21":0.35697486996650696,"m22":0.9249889850616455,"m23":0.1302473396062851,"m31":-0.03689802438020706,"m32":-0.1253623217344284,"m33":0.9914246201515198},"translation":{"x":-172.20997619628906,"y":-185.22169494628906,"z":-891}}}},"visionDetect":{"nbDetected":0,"type":[0,0,0,0],"xc":[0,0,0,0],"yc":[0,0,0,0],"width":[0,0,0,0],"height":[0,0,0,0],"dist":[0,0,0,0],"orientationAngle":[0,0,0,0],"rotation":[{"m11":0,"m12":0,"m13":0,"m21":0,"m22":0,"m23":0,"m31":0,"m32":0,"m33":0},{"m11":0,"m12":0,"m13":0,"m21":0,"m22":0,"m23":0,"m31":0,"m32":0,"m33":0},{"m11":0,"m12":0,"m13":0,"m21":0,"m22":0,"m23":0,"m31":0,"m32":0,"m33":0},{"m11":0,"m12":0,"m13":0,"m21":0,"m22":0,"m23":0,"m31":0,"m32":0,"m33":0}],"translation":[{"x":0,"y":0,"z":0},{"x":0,"y":0,"z":0},{"x":0,"y":0,"z":0},{"x":0,"y":0,"z":0}],"cameraSource":[0,0,0,0]}}],[{"time":5},{"header":1432778632,"droneState":{"flying":1,"videoEnabled":0,"visionEnabled":1,"controlAlgorithm":0,"altitudeControlAlgorithm":1,"startButtonState":1,"controlCommandAck":0,"cameraReady":1,"travellingEnabled":0,"usbReady":0,"navdataDemo":1,"navdataBootstrap":0,"motorProblem":0,"communicationLost":0,"softwareFault":0,"lowBattery":0,"userEmergencyLanding":0,"timerElapsed":0,"MagnometerNeedsCalibration":0,"anglesOutOfRange":0,"tooMuchWind":0,"ultrasonicSensorDeaf":0,"cutoutDetected":0,"picVersionNumberOk":1,"atCodecThreadOn":1,"navdataThreadOn":1,"videoThreadOn":1,"acquisitionThreadOn":1,"controlWatchdogDelay":0,"adcWatchdogDelay":0,"comWatchdogProblem":0,"emergencyLanding":0},"sequenceNumber":9987,"visionFlag":1,"demo":{"controlState":"CTRL_TRANS_GOTOFIX","flyState":"FLYING_LOST_ALT","batteryPercentage":100,"rotation":{"frontBack":1.563,"pitch":1.563,"theta":1.563,"y":1.563,"leftRight":-0.281,"roll":-0.281,"phi":-0.281,"x":-0.281,"clockwise":141.011,"yaw":141.011,"psi":141.011,"z":141.011},"frontBackDegrees":1.563,"leftRightDegrees":-0.281,"clockwiseDegrees":141.011,"altitude":0.77,"altitudeMeters":0.77,"velocity":{"x":-19.067214965820312,"y":-115.09077453613281,"z":0},"xVelocity":-19.067214965820312,"yVelocity":-115.09077453613281,"zVelocity":0,"frameIndex":0,"detection":{"camera":{"rotation":{"m11":0,"m12":0,"m13":0,"m21":0,"m22":0,"m23":0,"m31":0,"m32":0,"m33":0},"translation":{"x":0,"y":0,"z":0},"type":3},"tagIndex":0},"drone":{"camera":{"rotation":{"m11":0.9296820759773254,"m12":-0.3676084280014038,"m13":0.023564012721180916,"m21":0.3673515319824219,"m22":0.9299677014350891,"m23":0.014591734856367111,"m31":-0.027277814224362373,"m32":-0.004909399896860123,"m33":0.9996157884597778},"translation":{"x":-189.07159423828125,"y":-133.96075439453125,"z":-765}}}},"visionDetect":{"nbDetected":0,"type":[0,0,0,0],"xc":[0,0,0,0],"yc":[0,0,0,0],"width":[0,0,0,0],"height":[0,0,0,0],"dist":[0,0,0,0],"orientationAngle":[0,0,0,0],"rotation":[{"m11":0,"m12":0,"m13":0,"m21":0,"m22":0,"m23":0,"m31":0,"m32":0,"m33":0},{"m11":0,"m12":0,"m13":0,"m21":0,"m22":0,"m23":0,"m31":0,"m32":0,"m33":0},{"m11":0,"m12":0,"m13":0,"m21":0,"m22":0,"m23":0,"m31":0,"m32":0,"m33":0},{"m11":0,"m12":0,"m13":0,"m21":0,"m22":0,"m23":0,"m31":0,"m32":0,"m33":0}],"translation":[{"x":0,"y":0,"z":0},{"x":0,"y":0,"z":0},{"x":0,"y":0,"z":0},{"x":0,"y":0,"z":0}],"cameraSource":[0,0,0,0]}}],[{"time":6},{"header":1432778632,"droneState":{"flying":1,"videoEnabled":0,"visionEnabled":1,"controlAlgorithm":0,"altitudeControlAlgorithm":1,"startButtonState":1,"controlCommandAck":0,"cameraReady":1,"travellingEnabled":0,"usbReady":0,"navdataDemo":1,"navdataBootstrap":0,"motorProblem":0,"communicationLost":0,"softwareFault":0,"lowBattery":0,"userEmergencyLanding":0,"timerElapsed":0,"MagnometerNeedsCalibration":0,"anglesOutOfRange":0,"tooMuchWind":0,"ultrasonicSensorDeaf":0,"cutoutDetected":0,"picVersionNumberOk":1,"atCodecThreadOn":1,"navdataThreadOn":1,"videoThreadOn":1,"acquisitionThreadOn":1,"controlWatchdogDelay":0,"adcWatchdogDelay":0,"comWatchdogProblem":0,"emergencyLanding":0},"sequenceNumber":10002,"visionFlag":1,"demo":{"controlState":"CTRL_TRANS_GOTOFIX","flyState":"FLYING_LOST_ALT","batteryPercentage":100,"rotation":{"frontBack":4.667,"pitch":4.667,"theta":4.667,"y":4.667,"leftRight":0.23,"roll":0.23,"phi":0.23,"x":0.23,"clockwise":139.712,"yaw":139.712,"psi":139.712,"z":139.712},"frontBackDegrees":4.667,"leftRightDegrees":0.23,"clockwiseDegrees":139.712,"altitude":0.738,"altitudeMeters":0.738,"velocity":{"x":-650.554931640625,"y":24.849384307861328,"z":0},"xVelocity":-650.554931640625,"yVelocity":24.849384307861328,"zVelocity":0,"frameIndex":0,"detection":{"camera":{"rotation":{"m11":0,"m12":0,"m13":0,"m21":0,"m22":0,"m23":0,"m31":0,"m32":0,"m33":0},"translation":{"x":0,"y":0,"z":0},"type":3},"tagIndex":0},"drone":{"camera":{"rotation":{"m11":0.9347680807113647,"m12":-0.346653550863266,"m13":0.0777171328663826,"m21":0.3458126485347748,"m22":0.9379846453666687,"m23":0.024461567401885986,"m31":-0.08137717097997665,"m32":0.004009673371911049,"m33":0.9966753125190735},"translation":{"x":22.26866340637207,"y":-285.7503967285156,"z":-739}}}},"visionDetect":{"nbDetected":0,"type":[0,0,0,0],"xc":[0,0,0,0],"yc":[0,0,0,0],"width":[0,0,0,0],"height":[0,0,0,0],"dist":[0,0,0,0],"orientationAngle":[0,0,0,0],"rotation":[{"m11":0,"m12":0,"m13":0,"m21":0,"m22":0,"m23":0,"m31":0,"m32":0,"m33":0},{"m11":0,"m12":0,"m13":0,"m21":0,"m22":0,"m23":0,"m31":0,"m32":0,"m33":0},{"m11":0,"m12":0,"m13":0,"m21":0,"m22":0,"m23":0,"m31":0,"m32":0,"m33":0},{"m11":0,"m12":0,"m13":0,"m21":0,"m22":0,"m23":0,"m31":0,"m32":0,"m33":0}],"translation":[{"x":0,"y":0,"z":0},{"x":0,"y":0,"z":0},{"x":0,"y":0,"z":0},{"x":0,"y":0,"z":0}],"cameraSource":[0,0,0,0]}}],[{"time":7},{"header":1432778632,"droneState":{"flying":1,"videoEnabled":0,"visionEnabled":1,"controlAlgorithm":0,"altitudeControlAlgorithm":1,"startButtonState":1,"controlCommandAck":0,"cameraReady":1,"travellingEnabled":0,"usbReady":0,"navdataDemo":1,"navdataBootstrap":0,"motorProblem":0,"communicationLost":0,"softwareFault":0,"lowBattery":0,"userEmergencyLanding":0,"timerElapsed":0,"MagnometerNeedsCalibration":0,"anglesOutOfRange":0,"tooMuchWind":0,"ultrasonicSensorDeaf":0,"cutoutDetected":0,"picVersionNumberOk":1,"atCodecThreadOn":1,"navdataThreadOn":1,"videoThreadOn":1,"acquisitionThreadOn":1,"controlWatchdogDelay":0,"adcWatchdogDelay":0,"comWatchdogProblem":0,"emergencyLanding":0},"sequenceNumber":10018,"visionFlag":1,"demo":{"controlState":"CTRL_FLYING","flyState":"FLYING_OK","batteryPercentage":100,"rotation":{"frontBack":5.373,"pitch":5.373,"theta":5.373,"y":5.373,"leftRight":0.714,"roll":0.714,"phi":0.714,"x":0.714,"clockwise":140.096,"yaw":140.096,"psi":140.096,"z":140.096},"frontBackDegrees":5.373,"leftRightDegrees":0.714,"clockwiseDegrees":140.096,"altitude":0.729,"altitudeMeters":0.729,"velocity":{"x":-1231.73291015625,"y":160.55296325683594,"z":0},"xVelocity":-1231.73291015625,"yVelocity":160.55296325683594,"zVelocity":0,"frameIndex":0,"detection":{"camera":{"rotation":{"m11":0,"m12":0,"m13":0,"m21":0,"m22":0,"m23":0,"m31":0,"m32":0,"m33":0},"translation":{"x":0,"y":0,"z":0},"type":3},"tagIndex":0},"drone":{"camera":{"rotation":{"m11":0.9314162135124207,"m12":-0.3521343469619751,"m13":0.09200651943683624,"m21":0.35170209407806396,"m22":0.9358670711517334,"m23":0.021410619840025902,"m31":-0.09364528954029083,"m32":0.012416685000061989,"m33":0.9955281615257263},"translation":{"x":677.0034790039062,"y":-1013.5066528320312,"z":-736}}}},"visionDetect":{"nbDetected":0,"type":[0,0,0,0],"xc":[0,0,0,0],"yc":[0,0,0,0],"width":[0,0,0,0],"height":[0,0,0,0],"dist":[0,0,0,0],"orientationAngle":[0,0,0,0],"rotation":[{"m11":0,"m12":0,"m13":0,"m21":0,"m22":0,"m23":0,"m31":0,"m32":0,"m33":0},{"m11":0,"m12":0,"m13":0,"m21":0,"m22":0,"m23":0,"m31":0,"m32":0,"m33":0},{"m11":0,"m12":0,"m13":0,"m21":0,"m22":0,"m23":0,"m31":0,"m32":0,"m33":0},{"m11":0,"m12":0,"m13":0,"m21":0,"m22":0,"m23":0,"m31":0,"m32":0,"m33":0}],"translation":[{"x":0,"y":0,"z":0},{"x":0,"y":0,"z":0},{"x":0,"y":0,"z":0},{"x":0,"y":0,"z":0}],"cameraSource":[0,0,0,0]}}],[{"time":8},{"header":1432778632,"droneState":{"flying":1,"videoEnabled":0,"visionEnabled":1,"controlAlgorithm":0,"altitudeControlAlgorithm":1,"startButtonState":1,"controlCommandAck":0,"cameraReady":1,"travellingEnabled":0,"usbReady":0,"navdataDemo":1,"navdataBootstrap":0,"motorProblem":0,"communicationLost":0,"softwareFault":0,"lowBattery":0,"userEmergencyLanding":0,"timerElapsed":0,"MagnometerNeedsCalibration":0,"anglesOutOfRange":0,"tooMuchWind":0,"ultrasonicSensorDeaf":0,"cutoutDetected":0,"picVersionNumberOk":1,"atCodecThreadOn":1,"navdataThreadOn":1,"videoThreadOn":1,"acquisitionThreadOn":1,"controlWatchdogDelay":0,"adcWatchdogDelay":0,"comWatchdogProblem":0,"emergencyLanding":0},"sequenceNumber":10033,"visionFlag":1,"demo":{"controlState":"CTRL_FLYING","flyState":"FLYING_OK","batteryPercentage":100,"rotation":{"frontBack":4.562,"pitch":4.562,"theta":4.562,"y":4.562,"leftRight":0.205,"roll":0.205,"phi":0.205,"x":0.205,"clockwise":140.84,"yaw":140.84,"psi":140.84,"z":140.84},"frontBackDegrees":4.562,"leftRightDegrees":0.205,"clockwiseDegrees":140.84,"altitude":0.764,"altitudeMeters":0.764,"velocity":{"x":-1759.9593505859375,"y":172.78880310058594,"z":0},"xVelocity":-1759.9593505859375,"yVelocity":172.78880310058594,"zVelocity":0,"frameIndex":0,"detection":{"camera":{"rotation":{"m11":0,"m12":0,"m13":0,"m21":0,"m22":0,"m23":0,"m31":0,"m32":0,"m33":0},"translation":{"x":0,"y":0,"z":0},"type":3},"tagIndex":0},"drone":{"camera":{"rotation":{"m11":0.9281537532806396,"m12":-0.36448583006858826,"m13":0.07537015527486801,"m21":0.36359789967536926,"m22":0.9312020540237427,"m23":0.025676287710666656,"m31":-0.07954349368810654,"m32":0.0035728784278035164,"m33":0.9968249797821045},"translation":{"x":1695.36083984375,"y":-2159.18798828125,"z":-771}}}},"visionDetect":{"nbDetected":0,"type":[0,0,0,0],"xc":[0,0,0,0],"yc":[0,0,0,0],"width":[0,0,0,0],"height":[0,0,0,0],"dist":[0,0,0,0],"orientationAngle":[0,0,0,0],"rotation":[{"m11":0,"m12":0,"m13":0,"m21":0,"m22":0,"m23":0,"m31":0,"m32":0,"m33":0},{"m11":0,"m12":0,"m13":0,"m21":0,"m22":0,"m23":0,"m31":0,"m32":0,"m33":0},{"m11":0,"m12":0,"m13":0,"m21":0,"m22":0,"m23":0,"m31":0,"m32":0,"m33":0},{"m11":0,"m12":0,"m13":0,"m21":0,"m22":0,"m23":0,"m31":0,"m32":0,"m33":0}],"translation":[{"x":0,"y":0,"z":0},{"x":0,"y":0,"z":0},{"x":0,"y":0,"z":0},{"x":0,"y":0,"z":0}],"cameraSource":[0,0,0,0]}}],[{"time":9},{"header":1432778632,"droneState":{"flying":1,"videoEnabled":0,"visionEnabled":1,"controlAlgorithm":0,"altitudeControlAlgorithm":1,"startButtonState":1,"controlCommandAck":0,"cameraReady":1,"travellingEnabled":0,"usbReady":0,"navdataDemo":1,"navdataBootstrap":0,"motorProblem":0,"communicationLost":0,"softwareFault":0,"lowBattery":0,"userEmergencyLanding":0,"timerElapsed":0,"MagnometerNeedsCalibration":0,"anglesOutOfRange":0,"tooMuchWind":0,"ultrasonicSensorDeaf":0,"cutoutDetected":0,"picVersionNumberOk":1,"atCodecThreadOn":1,"navdataThreadOn":1,"videoThreadOn":1,"acquisitionThreadOn":1,"controlWatchdogDelay":0,"adcWatchdogDelay":0,"comWatchdogProblem":0,"emergencyLanding":0},"sequenceNumber":10048,"visionFlag":1,"demo":{"controlState":"CTRL_FLYING","flyState":"FLYING_OK","batteryPercentage":100,"rotation":{"frontBack":6.289,"pitch":6.289,"theta":6.289,"y":6.289,"leftRight":-0.653,"roll":-0.653,"phi":-0.653,"x":-0.653,"clockwise":140.913,"yaw":140.913,"psi":140.913,"z":140.913},"frontBackDegrees":6.289,"leftRightDegrees":-0.653,"clockwiseDegrees":140.913,"altitude":0.759,"altitudeMeters":0.759,"velocity":{"x":-2232.040771484375,"y":-22.70692253112793,"z":0},"xVelocity":-2232.040771484375,"yVelocity":-22.70692253112793,"zVelocity":0,"frameIndex":0,"detection":{"camera":{"rotation":{"m11":0,"m12":0,"m13":0,"m21":0,"m22":0,"m23":0,"m31":0,"m32":0,"m33":0},"translation":{"x":0,"y":0,"z":0},"type":3},"tagIndex":0},"drone":{"camera":{"rotation":{"m11":0.925451934337616,"m12":-0.3660182058811188,"m13":0.0978236049413681,"m21":0.36268189549446106,"m22":0.9305385947227478,"m23":0.05059508606791496,"m31":-0.10954736173152924,"m32":-0.011344470083713531,"m33":0.9939168691635132},"translation":{"x":3159.208740234375,"y":-3486.7255859375,"z":-802}}}},"visionDetect":{"nbDetected":0,"type":[0,0,0,0],"xc":[0,0,0,0],"yc":[0,0,0,0],"width":[0,0,0,0],"height":[0,0,0,0],"dist":[0,0,0,0],"orientationAngle":[0,0,0,0],"rotation":[{"m11":0,"m12":0,"m13":0,"m21":0,"m22":0,"m23":0,"m31":0,"m32":0,"m33":0},{"m11":0,"m12":0,"m13":0,"m21":0,"m22":0,"m23":0,"m31":0,"m32":0,"m33":0},{"m11":0,"m12":0,"m13":0,"m21":0,"m22":0,"m23":0,"m31":0,"m32":0,"m33":0},{"m11":0,"m12":0,"m13":0,"m21":0,"m22":0,"m23":0,"m31":0,"m32":0,"m33":0}],"translation":[{"x":0,"y":0,"z":0},{"x":0,"y":0,"z":0},{"x":0,"y":0,"z":0},{"x":0,"y":0,"z":0}],"cameraSource":[0,0,0,0]}}],[{"time":10},{"header":1432778632,"droneState":{"flying":1,"videoEnabled":0,"visionEnabled":1,"controlAlgorithm":0,"altitudeControlAlgorithm":1,"startButtonState":1,"controlCommandAck":0,"cameraReady":1,"travellingEnabled":0,"usbReady":0,"navdataDemo":1,"navdataBootstrap":0,"motorProblem":0,"communicationLost":0,"softwareFault":0,"lowBattery":0,"userEmergencyLanding":0,"timerElapsed":0,"MagnometerNeedsCalibration":0,"anglesOutOfRange":0,"tooMuchWind":0,"ultrasonicSensorDeaf":0,"cutoutDetected":0,"picVersionNumberOk":1,"atCodecThreadOn":1,"navdataThreadOn":1,"videoThreadOn":1,"acquisitionThreadOn":1,"controlWatchdogDelay":0,"adcWatchdogDelay":0,"comWatchdogProblem":0,"emergencyLanding":0},"sequenceNumber":10063,"visionFlag":1,"demo":{"controlState":"CTRL_FLYING","flyState":"FLYING_OK","batteryPercentage":100,"rotation":{"frontBack":6.429,"pitch":6.429,"theta":6.429,"y":6.429,"leftRight":-0.672,"roll":-0.672,"phi":-0.672,"x":-0.672,"clockwise":140.604,"yaw":140.604,"psi":140.604,"z":140.604},"frontBackDegrees":6.429,"leftRightDegrees":-0.672,"clockwiseDegrees":140.604,"altitude":0.81,"altitudeMeters":0.81,"velocity":{"x":-2312.576171875,"y":-563.7239379882812,"z":0},"xVelocity":-2312.576171875,"yVelocity":-563.7239379882812,"zVelocity":0,"frameIndex":0,"detection":{"camera":{"rotation":{"m11":0,"m12":0,"m13":0,"m21":0,"m22":0,"m23":0,"m31":0,"m32":0,"m33":0},"translation":{"x":0,"y":0,"z":0},"type":3},"tagIndex":0},"drone":{"camera":{"rotation":{"m11":0.9275673627853394,"m12":-0.35994210839271545,"m13":0.10030204057693481,"m21":0.3564833700656891,"m22":0.9329016804695129,"m23":0.0511283241212368,"m31":-0.11197517812252045,"m32":-0.011668961495161057,"m33":0.9936425089836121},"translation":{"x":5072.17578125,"y":-4662.00390625,"z":-965}}}},"visionDetect":{"nbDetected":0,"type":[0,0,0,0],"xc":[0,0,0,0],"yc":[0,0,0,0],"width":[0,0,0,0],"height":[0,0,0,0],"dist":[0,0,0,0],"orientationAngle":[0,0,0,0],"rotation":[{"m11":0,"m12":0,"m13":0,"m21":0,"m22":0,"m23":0,"m31":0,"m32":0,"m33":0},{"m11":0,"m12":0,"m13":0,"m21":0,"m22":0,"m23":0,"m31":0,"m32":0,"m33":0},{"m11":0,"m12":0,"m13":0,"m21":0,"m22":0,"m23":0,"m31":0,"m32":0,"m33":0},{"m11":0,"m12":0,"m13":0,"m21":0,"m22":0,"m23":0,"m31":0,"m32":0,"m33":0}],"translation":[{"x":0,"y":0,"z":0},{"x":0,"y":0,"z":0},{"x":0,"y":0,"z":0},{"x":0,"y":0,"z":0}],"cameraSource":[0,0,0,0]}}],[{"time":11},{"header":1432778632,"droneState":{"flying":1,"videoEnabled":0,"visionEnabled":1,"controlAlgorithm":0,"altitudeControlAlgorithm":1,"startButtonState":0,"controlCommandAck":0,"cameraReady":1,"travellingEnabled":0,"usbReady":0,"navdataDemo":1,"navdataBootstrap":0,"motorProblem":0,"communicationLost":0,"softwareFault":0,"lowBattery":0,"userEmergencyLanding":0,"timerElapsed":0,"MagnometerNeedsCalibration":0,"anglesOutOfRange":0,"tooMuchWind":0,"ultrasonicSensorDeaf":0,"cutoutDetected":0,"picVersionNumberOk":1,"atCodecThreadOn":1,"navdataThreadOn":1,"videoThreadOn":1,"acquisitionThreadOn":1,"controlWatchdogDelay":0,"adcWatchdogDelay":0,"comWatchdogProblem":0,"emergencyLanding":0},"sequenceNumber":10079,"visionFlag":1,"demo":{"controlState":"CTRL_TRANS_LOOPING","flyState":"FLYING_OK","batteryPercentage":100,"rotation":{"frontBack":-5.887,"pitch":-5.887,"theta":-5.887,"y":-5.887,"leftRight":3.421,"roll":3.421,"phi":3.421,"x":3.421,"clockwise":142.749,"yaw":142.749,"psi":142.749,"z":142.749},"frontBackDegrees":-5.887,"leftRightDegrees":3.421,"clockwiseDegrees":142.749,"altitude":0.204,"altitudeMeters":0.204,"velocity":{"x":153.73175048828125,"y":-487.995361328125,"z":0},"xVelocity":153.73175048828125,"yVelocity":-487.995361328125,"zVelocity":0,"frameIndex":0,"detection":{"camera":{"rotation":{"m11":0,"m12":0,"m13":0,"m21":0,"m22":0,"m23":0,"m31":0,"m32":0,"m33":0},"translation":{"x":0,"y":0,"z":0},"type":3},"tagIndex":0},"drone":{"camera":{"rotation":{"m11":0.9145120978355408,"m12":-0.39834168553352356,"m13":-0.07065091282129288,"m21":0.3913405239582062,"m22":0.9153141379356384,"m23":-0.09514539688825607,"m31":0.10256815701723099,"m32":0.05936305969953537,"m33":0.9929530620574951},"translation":{"x":6550.677734375,"y":-5057.6005859375,"z":-428}}}},"visionDetect":{"nbDetected":0,"type":[0,0,0,0],"xc":[0,0,0,0],"yc":[0,0,0,0],"width":[0,0,0,0],"height":[0,0,0,0],"dist":[0,0,0,0],"orientationAngle":[0,0,0,0],"rotation":[{"m11":0,"m12":0,"m13":0,"m21":0,"m22":0,"m23":0,"m31":0,"m32":0,"m33":0},{"m11":0,"m12":0,"m13":0,"m21":0,"m22":0,"m23":0,"m31":0,"m32":0,"m33":0},{"m11":0,"m12":0,"m13":0,"m21":0,"m22":0,"m23":0,"m31":0,"m32":0,"m33":0},{"m11":0,"m12":0,"m13":0,"m21":0,"m22":0,"m23":0,"m31":0,"m32":0,"m33":0}],"translation":[{"x":0,"y":0,"z":0},{"x":0,"y":0,"z":0},{"x":0,"y":0,"z":0},{"x":0,"y":0,"z":0}],"cameraSource":[0,0,0,0]}}],[{"time":12},{"header":1432778632,"droneState":{"flying":0,"videoEnabled":0,"visionEnabled":1,"controlAlgorithm":0,"altitudeControlAlgorithm":1,"startButtonState":0,"controlCommandAck":0,"cameraReady":1,"travellingEnabled":0,"usbReady":0,"navdataDemo":1,"navdataBootstrap":0,"motorProblem":0,"communicationLost":0,"softwareFault":0,"lowBattery":0,"userEmergencyLanding":0,"timerElapsed":0,"MagnometerNeedsCalibration":0,"anglesOutOfRange":0,"tooMuchWind":0,"ultrasonicSensorDeaf":0,"cutoutDetected":0,"picVersionNumberOk":1,"atCodecThreadOn":1,"navdataThreadOn":1,"videoThreadOn":1,"acquisitionThreadOn":1,"controlWatchdogDelay":0,"adcWatchdogDelay":0,"comWatchdogProblem":0,"emergencyLanding":0},"sequenceNumber":10094,"visionFlag":1,"demo":{"controlState":"CTRL_LANDED","flyState":"FLYING_OK","batteryPercentage":100,"rotation":{"frontBack":3.431,"pitch":3.431,"theta":3.431,"y":3.431,"leftRight":-0.797,"roll":-0.797,"phi":-0.797,"x":-0.797,"clockwise":143.313,"yaw":143.313,"psi":143.313,"z":143.313},"frontBackDegrees":3.431,"leftRightDegrees":-0.797,"clockwiseDegrees":143.313,"altitude":0,"altitudeMeters":0,"velocity":{"x":0,"y":0,"z":0},"xVelocity":0,"yVelocity":0,"zVelocity":0,"frameIndex":0,"detection":{"camera":{"rotation":{"m11":0,"m12":0,"m13":0,"m21":0,"m22":0,"m23":0,"m31":0,"m32":0,"m33":0},"translation":{"x":0,"y":0,"z":0},"type":3},"tagIndex":0},"drone":{"camera":{"rotation":{"m11":0.9138073921203613,"m12":-0.40315741300582886,"m13":0.0491945706307888,"m21":0.4017121195793152,"m22":0.9150252342224121,"m23":0.03682675212621689,"m31":-0.05986124649643898,"m32":-0.013890506699681282,"m33":0.9981100559234619},"translation":{"x":-1.065146565437317,"y":2.207096576690674,"z":0}}}},"visionDetect":{"nbDetected":0,"type":[0,0,0,0],"xc":[0,0,0,0],"yc":[0,0,0,0],"width":[0,0,0,0],"height":[0,0,0,0],"dist":[0,0,0,0],"orientationAngle":[0,0,0,0],"rotation":[{"m11":0,"m12":0,"m13":0,"m21":0,"m22":0,"m23":0,"m31":0,"m32":0,"m33":0},{"m11":0,"m12":0,"m13":0,"m21":0,"m22":0,"m23":0,"m31":0,"m32":0,"m33":0},{"m11":0,"m12":0,"m13":0,"m21":0,"m22":0,"m23":0,"m31":0,"m32":0,"m33":0},{"m11":0,"m12":0,"m13":0,"m21":0,"m22":0,"m23":0,"m31":0,"m32":0,"m33":0}],"translation":[{"x":0,"y":0,"z":0},{"x":0,"y":0,"z":0},{"x":0,"y":0,"z":0},{"x":0,"y":0,"z":0}],"cameraSource":[0,0,0,0]}}],[{"time":13},{"header":1432778632,"droneState":{"flying":0,"videoEnabled":0,"visionEnabled":1,"controlAlgorithm":0,"altitudeControlAlgorithm":1,"startButtonState":0,"controlCommandAck":0,"cameraReady":1,"travellingEnabled":0,"usbReady":0,"navdataDemo":1,"navdataBootstrap":0,"motorProblem":0,"communicationLost":0,"softwareFault":0,"lowBattery":0,"userEmergencyLanding":0,"timerElapsed":0,"MagnometerNeedsCalibration":0,"anglesOutOfRange":0,"tooMuchWind":0,"ultrasonicSensorDeaf":0,"cutoutDetected":0,"picVersionNumberOk":1,"atCodecThreadOn":1,"navdataThreadOn":1,"videoThreadOn":1,"acquisitionThreadOn":1,"controlWatchdogDelay":0,"adcWatchdogDelay":0,"comWatchdogProblem":0,"emergencyLanding":0},"sequenceNumber":10109,"visionFlag":1,"demo":{"controlState":"CTRL_LANDED","flyState":"FLYING_OK","batteryPercentage":100,"rotation":{"frontBack":1.977,"pitch":1.977,"theta":1.977,"y":1.977,"leftRight":-0.85,"roll":-0.85,"phi":-0.85,"x":-0.85,"clockwise":143.356,"yaw":143.356,"psi":143.356,"z":143.356},"frontBackDegrees":1.977,"leftRightDegrees":-0.85,"clockwiseDegrees":143.356,"altitude":0,"altitudeMeters":0,"velocity":{"x":0,"y":0,"z":0},"xVelocity":0,"yVelocity":0,"zVelocity":0,"frameIndex":0,"detection":{"camera":{"rotation":{"m11":0,"m12":0,"m13":0,"m21":0,"m22":0,"m23":0,"m31":0,"m32":0,"m33":0},"translation":{"x":0,"y":0,"z":0},"type":3},"tagIndex":0},"drone":{"camera":{"rotation":{"m11":0.9146023988723755,"m12":-0.40354371070861816,"m13":0.025592830032110214,"m21":0.402879536151886,"m22":0.9148402214050293,"m23":0.02748638391494751,"m31":-0.03450530767440796,"m32":-0.014828287065029144,"m33":0.9992945194244385},"translation":{"x":-1.0667976140975952,"y":2.206299066543579,"z":0}}}},"visionDetect":{"nbDetected":0,"type":[0,0,0,0],"xc":[0,0,0,0],"yc":[0,0,0,0],"width":[0,0,0,0],"height":[0,0,0,0],"dist":[0,0,0,0],"orientationAngle":[0,0,0,0],"rotation":[{"m11":0,"m12":0,"m13":0,"m21":0,"m22":0,"m23":0,"m31":0,"m32":0,"m33":0},{"m11":0,"m12":0,"m13":0,"m21":0,"m22":0,"m23":0,"m31":0,"m32":0,"m33":0},{"m11":0,"m12":0,"m13":0,"m21":0,"m22":0,"m23":0,"m31":0,"m32":0,"m33":0},{"m11":0,"m12":0,"m13":0,"m21":0,"m22":0,"m23":0,"m31":0,"m32":0,"m33":0}],"translation":[{"x":0,"y":0,"z":0},{"x":0,"y":0,"z":0},{"x":0,"y":0,"z":0},{"x":0,"y":0,"z":0}],"cameraSource":[0,0,0,0]}}],[{"time":1},{"header":1432778632,"droneState":{"flying":1,"videoEnabled":0,"visionEnabled":1,"controlAlgorithm":0,"altitudeControlAlgorithm":1,"startButtonState":1,"controlCommandAck":0,"cameraReady":1,"travellingEnabled":0,"usbReady":0,"navdataDemo":1,"navdataBootstrap":0,"motorProblem":0,"communicationLost":0,"softwareFault":0,"lowBattery":0,"userEmergencyLanding":0,"timerElapsed":0,"MagnometerNeedsCalibration":0,"anglesOutOfRange":0,"tooMuchWind":0,"ultrasonicSensorDeaf":0,"cutoutDetected":0,"picVersionNumberOk":1,"atCodecThreadOn":1,"navdataThreadOn":1,"videoThreadOn":1,"acquisitionThreadOn":1,"controlWatchdogDelay":0,"adcWatchdogDelay":0,"comWatchdogProblem":0,"emergencyLanding":0},"sequenceNumber":10539,"visionFlag":1,"demo":{"controlState":"CTRL_TRANS_GOTOFIX","flyState":"FLYING_OK","batteryPercentage":100,"rotation":{"frontBack":-0.06,"pitch":-0.06,"theta":-0.06,"y":-0.06,"leftRight":-0.435,"roll":-0.435,"phi":-0.435,"x":-0.435,"clockwise":144.458,"yaw":144.458,"psi":144.458,"z":144.458},"frontBackDegrees":-0.06,"leftRightDegrees":-0.435,"clockwiseDegrees":144.458,"altitude":0,"altitudeMeters":0,"velocity":{"x":0.7932859063148499,"y":-3.239161729812622,"z":0},"xVelocity":0.7932859063148499,"yVelocity":-3.239161729812622,"zVelocity":0,"frameIndex":0,"detection":{"camera":{"rotation":{"m11":0,"m12":0,"m13":0,"m21":0,"m22":0,"m23":0,"m31":0,"m32":0,"m33":0},"translation":{"x":0,"y":0,"z":0},"type":3},"tagIndex":0},"drone":{"camera":{"rotation":{"m11":0.9072227478027344,"m12":-0.42063000798225403,"m13":-0.004163804929703474,"m21":0.4206492602825165,"m22":0.9072003960609436,"m23":0.006454083137214184,"m31":0.0010626246221363544,"m32":-0.007606792263686657,"m33":0.9999704957008362},"translation":{"x":0.7986810207366943,"y":6.0346269607543945,"z":0}}}},"visionDetect":{"nbDetected":0,"type":[0,0,0,0],"xc":[0,0,0,0],"yc":[0,0,0,0],"width":[0,0,0,0],"height":[0,0,0,0],"dist":[0,0,0,0],"orientationAngle":[0,0,0,0],"rotation":[{"m11":0,"m12":0,"m13":0,"m21":0,"m22":0,"m23":0,"m31":0,"m32":0,"m33":0},{"m11":0,"m12":0,"m13":0,"m21":0,"m22":0,"m23":0,"m31":0,"m32":0,"m33":0},{"m11":0,"m12":0,"m13":0,"m21":0,"m22":0,"m23":0,"m31":0,"m32":0,"m33":0},{"m11":0,"m12":0,"m13":0,"m21":0,"m22":0,"m23":0,"m31":0,"m32":0,"m33":0}],"translation":[{"x":0,"y":0,"z":0},{"x":0,"y":0,"z":0},{"x":0,"y":0,"z":0},{"x":0,"y":0,"z":0}],"cameraSource":[0,0,0,0]}}],[{"time":2},{"header":1432778632,"droneState":{"flying":1,"videoEnabled":0,"visionEnabled":1,"controlAlgorithm":0,"altitudeControlAlgorithm":1,"startButtonState":1,"controlCommandAck":0,"cameraReady":1,"travellingEnabled":0,"usbReady":0,"navdataDemo":1,"navdataBootstrap":0,"motorProblem":0,"communicationLost":0,"softwareFault":0,"lowBattery":0,"userEmergencyLanding":0,"timerElapsed":0,"MagnometerNeedsCalibration":0,"anglesOutOfRange":0,"tooMuchWind":0,"ultrasonicSensorDeaf":0,"cutoutDetected":0,"picVersionNumberOk":1,"atCodecThreadOn":1,"navdataThreadOn":1,"videoThreadOn":1,"acquisitionThreadOn":1,"controlWatchdogDelay":0,"adcWatchdogDelay":0,"comWatchdogProblem":0,"emergencyLanding":0},"sequenceNumber":10554,"visionFlag":1,"demo":{"controlState":"CTRL_TRANS_GOTOFIX","flyState":"FLYING_OK","batteryPercentage":100,"rotation":{"frontBack":-0.069,"pitch":-0.069,"theta":-0.069,"y":-0.069,"leftRight":-0.209,"roll":-0.209,"phi":-0.209,"x":-0.209,"clockwise":144.498,"yaw":144.498,"psi":144.498,"z":144.498},"frontBackDegrees":-0.069,"leftRightDegrees":-0.209,"clockwiseDegrees":144.498,"altitude":0,"altitudeMeters":0,"velocity":{"x":2.1911919116973877,"y":-1.8758879899978638,"z":0},"xVelocity":2.1911919116973877,"yVelocity":-1.8758879899978638,"zVelocity":0,"frameIndex":0,"detection":{"camera":{"rotation":{"m11":0,"m12":0,"m13":0,"m21":0,"m22":0,"m23":0,"m31":0,"m32":0,"m33":0},"translation":{"x":0,"y":0,"z":0},"type":3},"tagIndex":0},"drone":{"camera":{"rotation":{"m11":0.9069291949272156,"m12":-0.4212748110294342,"m13":-0.0026373309083282948,"m21":0.4212813079357147,"m22":0.9069256782531738,"m23":0.002809411846101284,"m31":0.0012083288747817278,"m32":-0.0036589959636330605,"m33":0.9999925494194031},"translation":{"x":1.829358696937561,"y":8.519092559814453,"z":0}}}},"visionDetect":{"nbDetected":0,"type":[0,0,0,0],"xc":[0,0,0,0],"yc":[0,0,0,0],"width":[0,0,0,0],"height":[0,0,0,0],"dist":[0,0,0,0],"orientationAngle":[0,0,0,0],"rotation":[{"m11":0,"m12":0,"m13":0,"m21":0,"m22":0,"m23":0,"m31":0,"m32":0,"m33":0},{"m11":0,"m12":0,"m13":0,"m21":0,"m22":0,"m23":0,"m31":0,"m32":0,"m33":0},{"m11":0,"m12":0,"m13":0,"m21":0,"m22":0,"m23":0,"m31":0,"m32":0,"m33":0},{"m11":0,"m12":0,"m13":0,"m21":0,"m22":0,"m23":0,"m31":0,"m32":0,"m33":0}],"translation":[{"x":0,"y":0,"z":0},{"x":0,"y":0,"z":0},{"x":0,"y":0,"z":0},{"x":0,"y":0,"z":0}],"cameraSource":[0,0,0,0]}}],[{"time":3},{"header":1432778632,"droneState":{"flying":1,"videoEnabled":0,"visionEnabled":1,"controlAlgorithm":0,"altitudeControlAlgorithm":1,"startButtonState":1,"controlCommandAck":0,"cameraReady":1,"travellingEnabled":0,"usbReady":0,"navdataDemo":1,"navdataBootstrap":0,"motorProblem":0,"communicationLost":0,"softwareFault":0,"lowBattery":0,"userEmergencyLanding":0,"timerElapsed":0,"MagnometerNeedsCalibration":0,"anglesOutOfRange":0,"tooMuchWind":0,"ultrasonicSensorDeaf":0,"cutoutDetected":0,"picVersionNumberOk":1,"atCodecThreadOn":1,"navdataThreadOn":1,"videoThreadOn":1,"acquisitionThreadOn":1,"controlWatchdogDelay":0,"adcWatchdogDelay":0,"comWatchdogProblem":0,"emergencyLanding":0},"sequenceNumber":10569,"visionFlag":1,"demo":{"controlState":"CTRL_TRANS_GOTOFIX","flyState":"FLYING_OK","batteryPercentage":100,"rotation":{"frontBack":0.765,"pitch":0.765,"theta":0.765,"y":0.765,"leftRight":1.036,"roll":1.036,"phi":1.036,"x":1.036,"clockwise":143.428,"yaw":143.428,"psi":143.428,"z":143.428},"frontBackDegrees":0.765,"leftRightDegrees":1.036,"clockwiseDegrees":143.428,"altitude":0,"altitudeMeters":0,"velocity":{"x":-2.6177215576171875,"y":12.20595932006836,"z":0},"xVelocity":-2.6177215576171875,"yVelocity":12.20595932006836,"zVelocity":0,"frameIndex":0,"detection":{"camera":{"rotation":{"m11":0,"m12":0,"m13":0,"m21":0,"m22":0,"m23":0,"m31":0,"m32":0,"m33":0},"translation":{"x":0,"y":0,"z":0},"type":3},"tagIndex":0},"drone":{"camera":{"rotation":{"m11":0.9145545363426208,"m12":-0.40399062633514404,"m13":0.019533876329660416,"m21":0.40424174070358276,"m22":0.9145843386650085,"m23":-0.011139078065752983,"m31":-0.01336529478430748,"m32":0.01808370091021061,"m33":0.9997471570968628},"translation":{"x":0.8969380855560303,"y":5.3054046630859375,"z":-236}}}},"visionDetect":{"nbDetected":0,"type":[0,0,0,0],"xc":[0,0,0,0],"yc":[0,0,0,0],"width":[0,0,0,0],"height":[0,0,0,0],"dist":[0,0,0,0],"orientationAngle":[0,0,0,0],"rotation":[{"m11":0,"m12":0,"m13":0,"m21":0,"m22":0,"m23":0,"m31":0,"m32":0,"m33":0},{"m11":0,"m12":0,"m13":0,"m21":0,"m22":0,"m23":0,"m31":0,"m32":0,"m33":0},{"m11":0,"m12":0,"m13":0,"m21":0,"m22":0,"m23":0,"m31":0,"m32":0,"m33":0},{"m11":0,"m12":0,"m13":0,"m21":0,"m22":0,"m23":0,"m31":0,"m32":0,"m33":0}],"translation":[{"x":0,"y":0,"z":0},{"x":0,"y":0,"z":0},{"x":0,"y":0,"z":0},{"x":0,"y":0,"z":0}],"cameraSource":[0,0,0,0]}}],[{"time":4},{"header":1432778632,"droneState":{"flying":1,"videoEnabled":0,"visionEnabled":1,"controlAlgorithm":0,"altitudeControlAlgorithm":1,"startButtonState":1,"controlCommandAck":0,"cameraReady":1,"travellingEnabled":0,"usbReady":0,"navdataDemo":1,"navdataBootstrap":0,"motorProblem":0,"communicationLost":0,"softwareFault":0,"lowBattery":0,"userEmergencyLanding":0,"timerElapsed":0,"MagnometerNeedsCalibration":0,"anglesOutOfRange":0,"tooMuchWind":0,"ultrasonicSensorDeaf":0,"cutoutDetected":0,"picVersionNumberOk":1,"atCodecThreadOn":1,"navdataThreadOn":1,"videoThreadOn":1,"acquisitionThreadOn":1,"controlWatchdogDelay":0,"adcWatchdogDelay":0,"comWatchdogProblem":0,"emergencyLanding":0},"sequenceNumber":10585,"visionFlag":1,"demo":{"controlState":"CTRL_TRANS_GOTOFIX","flyState":"FLYING_LOST_ALT","batteryPercentage":100,"rotation":{"frontBack":1.453,"pitch":1.453,"theta":1.453,"y":1.453,"leftRight":-3.299,"roll":-3.299,"phi":-3.299,"x":-3.299,"clockwise":137.641,"yaw":137.641,"psi":137.641,"z":137.641},"frontBackDegrees":1.453,"leftRightDegrees":-3.299,"clockwiseDegrees":137.641,"altitude":0.817,"altitudeMeters":0.817,"velocity":{"x":59.91556930541992,"y":88.03907775878906,"z":0},"xVelocity":59.91556930541992,"yVelocity":88.03907775878906,"zVelocity":0,"frameIndex":0,"detection":{"camera":{"rotation":{"m11":0,"m12":0,"m13":0,"m21":0,"m22":0,"m23":0,"m31":0,"m32":0,"m33":0},"translation":{"x":0,"y":0,"z":0},"type":3},"tagIndex":0},"drone":{"camera":{"rotation":{"m11":0.9177046418190002,"m12":-0.3972631096839905,"m13":0.00042070262134075165,"m21":0.39645296335220337,"m22":0.9158996939659119,"m23":0.0628712922334671,"m31":-0.025361768901348114,"m32":-0.0575304850935936,"m33":0.9980216026306152},"translation":{"x":-62.297218322753906,"y":-19.774770736694336,"z":-826}}}},"visionDetect":{"nbDetected":0,"type":[0,0,0,0],"xc":[0,0,0,0],"yc":[0,0,0,0],"width":[0,0,0,0],"height":[0,0,0,0],"dist":[0,0,0,0],"orientationAngle":[0,0,0,0],"rotation":[{"m11":0,"m12":0,"m13":0,"m21":0,"m22":0,"m23":0,"m31":0,"m32":0,"m33":0},{"m11":0,"m12":0,"m13":0,"m21":0,"m22":0,"m23":0,"m31":0,"m32":0,"m33":0},{"m11":0,"m12":0,"m1